1	2
2	1
3	2
4	4
5	4
6	4
7	2
8	2
9	1
10	4
11	2
12	2
13	4
14	2
15	1
16	4
17	4
18	1
19	1
20	1
21	4
22	4
23	2
24	2
25	1
26	4
27	3
28	4
29	4
30	4
31	2
32	1
33	1
34	4
35	2
36	2
37	1
38	4
39	2
40	2
41	4
42	4
43	1
44	3
45	1
46	2
47	2
48	3
49	3
50	3
51	4
52	1
53	3
54	4
55	2
56	1
57	3
58	3
59	2
60	2
61	3
62	2
63	2
64	2
65	2
66	4
67	3
68	3
69	3
70	3
71	3
72	1
73	2
74	2
75	2
76	1
77	2
78	4
79	4
80	2
81	2
82	2
83	2
84	3
85	2
86	1
87	3
88	4
89	2
90	1
91	1
92	1
93	4
94	4
95	4
96	1
97	2
98	3
99	3
100	4
101	1
102	4
103	3
104	2
105	3
106	2
107	3
108	4
109	4
110	1
111	1
112	1
113	1
114	4
115	3
116	3
117	4
118	4
119	1
120	2
121	1
122	2
123	3
124	4
125	4
126	3
127	1
128	4
129	1
130	3
131	1
132	1
133	1
134	1
135	4
136	1
137	3
138	3
139	2
140	2
141	3
142	4
143	2
144	3
145	3
146	3
147	4
148	2
149	1
150	3
151	2
152	3
153	2
154	4
155	2
156	1
157	2
158	2
159	1
160	1
161	2
162	4
163	4
164	1
165	1
166	4
167	3
168	2
169	2
170	3
171	1
172	1
173	1
174	1
175	2
176	2
177	1
178	2
179	4
180	1
181	4
182	2
183	4
184	1
185	3
186	2
187	1
188	4
189	2
190	2
191	4
192	3
193	4
194	2
195	2
196	2
197	3
198	4
199	3
200	4
201	2
202	4
203	3
204	2
205	3
206	3
207	1
208	3
209	4
210	1
211	1
212	1
213	4
214	2
215	4
216	2
217	3
218	2
219	2
220	4
221	3
222	1
223	2
224	1
225	3
226	1
227	1
228	2
229	4
230	1
231	2
232	4
233	2
234	4
235	1
236	1
237	2
238	3
239	1
240	2
241	1
242	1
243	1
244	2
245	4
246	3
247	4
248	2
249	1
250	4
251	2
252	1
253	2
254	2
255	3
256	2
257	2
258	1
259	1
260	4
261	4
262	4
263	4
264	3
265	2
266	3
267	1
268	2
269	3
270	2
271	1
272	1
273	3
274	1
275	3
276	2
277	1
278	1
279	1
280	3
281	3
282	3
283	2
284	3
285	4
286	2
287	4
288	1
289	1
290	4
291	2
292	3
293	1
294	2
295	2
296	3
297	3
298	2
299	4
300	3
301	1
302	3
303	2
304	1
305	1
306	3
307	1
308	3
309	2
310	3
311	4
312	3
313	1
314	2
315	1
316	2
317	2
318	4
319	1
320	3
321	3
322	2
323	4
324	3
325	1
326	4
327	2
328	4
329	1
330	3
331	2
332	1
333	2
334	3
335	3
336	1
337	2
338	3
339	4
340	4
341	3
342	2
343	1
344	2
345	4
346	2
347	2
348	2
349	4
350	3
351	1
352	2
353	4
354	3
355	4
356	2
357	3
358	4
359	2
360	2
361	3
362	3
363	3
364	1
365	1
366	3
367	1
368	3
369	2
370	2
371	3
372	2
373	4
374	3
375	1
376	2
377	2
378	3
379	1
380	2
381	3
382	2
383	3
384	2
385	2
386	1
387	4
388	3
389	3
390	4
391	3
392	1
393	3
394	1
395	1
396	2
397	1
398	2
399	1
400	2
401	4
402	2
403	4
404	2
405	2
406	4
407	4
408	4
409	4
410	2
411	2
412	4
413	3
414	2
415	2
416	1
417	3
418	1
419	3
420	4
421	2
422	1
423	1
424	1
425	1
426	3
427	3
428	1
429	3
430	4
431	1
432	4
433	4
434	1
435	1
436	3
437	1
438	1
439	1
440	2
441	4
442	2
443	1
444	2
445	3
446	3
447	4
448	1
449	4
450	3
451	3
452	3
453	3
454	2
455	2
456	1
457	3
458	3
459	2
460	4
461	4
462	4
463	2
464	4
465	3
466	2
467	2
468	2
469	4
470	3
471	1
472	3
473	1
474	1
475	1
476	2
477	1
478	1
479	1
480	3
481	2
482	1
483	1
484	2
485	4
486	4
487	1
488	2
489	2
490	3
491	1
492	2
493	4
494	2
495	2
496	2
497	3
498	2
499	3
500	3
501	3
502	2
503	4
504	4
505	3
506	4
507	1
508	4
509	3
510	1
511	3
512	3
513	4
514	3
515	2
516	1
517	4
518	2
519	1
520	2
521	2
522	3
523	4
524	1
525	4
526	1
527	2
528	3
529	3
530	1
531	2
532	4
533	3
534	2
535	2
536	3
537	2
538	2
539	1
540	3
541	4
542	2
543	2
544	4
545	3
546	3
547	4
548	4
549	4
550	1
551	2
552	1
553	2
554	4
555	1
556	4
557	2
558	2
559	2
560	3
561	4
562	4
563	4
564	2
565	4
566	1
567	1
568	1
569	2
570	4
571	2
572	1
573	4
574	2
575	1
576	2
577	4
578	2
579	1
580	1
581	3
582	1
583	2
584	1
585	2
586	3
587	4
588	4
589	4
590	2
591	1
592	3
593	3
594	1
595	3
596	3
597	3
598	3
599	1
600	3
601	4
602	4
603	1
604	1
605	3
606	3
607	4
608	2
609	4
610	3
611	2
612	4
613	2
614	4
615	2
616	3
617	4
618	4
619	4
620	1
621	4
622	1
623	2
624	1
625	1
626	4
627	1
628	3
629	1
630	2
631	3
632	1
633	3
634	1
635	1
636	1
637	2
638	1
639	3
640	3
641	3
642	3
643	1
644	2
645	4
646	1
647	2
648	4
649	1
650	2
651	3
652	4
653	2
654	3
655	2
656	2
657	4
658	4
659	1
660	2
661	4
662	2
663	1
664	2
665	3
666	1
667	4
668	2
669	3
670	1
671	3
672	4
673	2
674	4
675	2
676	1
677	4
678	1
679	1
680	1
681	2
682	4
683	1
684	1
685	4
686	3
687	1
688	3
689	1
690	1
691	2
692	4
693	2
694	2
695	3
696	1
697	1
698	2
699	1
700	3
701	3
702	2
703	3
704	2
705	2
706	1
707	3
708	2
709	4
710	1
711	3
712	3
713	3
714	1
715	3
716	1
717	3
718	1
719	3
720	4
721	2
722	1
723	2
724	1
725	4
726	3
727	2
728	2
729	1
730	1
731	4
732	4
733	3
734	2
735	4
736	1
737	2
738	2
739	4
740	2
741	1
742	3
743	2
744	4
745	1
746	4
747	2
748	3
749	3
750	1
751	3
752	1
753	2
754	1
755	2
756	2
757	4
758	2
759	1
760	1
761	2
762	3
763	2
764	4
765	1
766	2
767	4
768	4
769	2
770	3
771	1
772	3
773	4
774	2
775	4
776	1
777	2
778	3
779	2
780	4
781	2
782	4
783	1
784	1
785	1
786	4
787	4
788	4
789	2
790	4
791	4
792	3
793	4
794	4
795	4
796	1
797	2
798	4
799	2
800	2
801	1
802	4
803	3
804	1
805	1
806	3
807	1
808	4
809	1
810	3
811	2
812	2
813	2
814	1
815	2
816	2
817	4
818	4
819	4
820	4
821	3
822	4
823	1
824	4
825	2
826	2
827	3
828	4
829	3
830	4
831	2
832	4
833	4
834	2
835	2
836	2
837	4
838	1
839	4
840	3
841	3
842	1
843	3
844	2
845	3
846	1
847	3
848	1
849	2
850	3
851	1
852	1
853	2
854	3
855	1
856	1
857	2
858	1
859	1
860	3
861	4
862	4
863	1
864	3
865	1
866	1
867	2
868	2
869	1
870	2
871	3
872	1
873	4
874	1
875	4
876	3
877	4
878	4
879	2
880	2
881	3
882	3
883	3
884	3
885	3
886	3
887	1
888	1
889	4
890	4
891	3
892	4
893	3
894	3
895	4
896	4
897	3
898	4
899	4
900	3
901	1
902	3
903	2
904	2
905	3
906	1
907	2
908	3
909	1
910	4
911	3
912	3
913	1
914	4
915	3
916	1
917	3
918	4
919	4
920	2
921	3
922	3
923	2
924	1
925	1
926	2
927	3
928	1
929	2
930	1
931	3
932	3
933	4
934	4
935	3
936	1
937	4
938	1
939	1
940	3
941	3
942	4
943	1
944	3
945	1
946	3
947	4
948	4
949	3
950	3
951	3
952	4
953	3
954	4
955	2
956	2
957	4
958	4
959	1
960	4
961	2
962	4
963	1
964	1
965	1
966	1
967	3
968	4
969	4
970	3
971	3
972	2
973	4
974	2
975	1
976	4
977	2
978	1
979	4
980	2
981	2
982	1
983	1
984	3
985	4
986	3
987	2
988	4
989	3
990	3
991	2
992	1
993	4
994	2
995	3
996	3
997	1
998	4
999	2
1000	1
1001	1
1002	4
1003	1
1004	1
1005	2
1006	2
1007	2
1008	1
1009	2
1010	1
1011	1
1012	4
1013	2
1014	1
1015	2
1016	2
1017	1
1018	3
1019	1
1020	3
1021	4
1022	1
1023	3
1024	3
1025	1
1026	2
1027	2
1028	4
1029	1
1030	4
1031	1
1032	1
1033	3
1034	3
1035	2
1036	2
1037	1
1038	3
1039	3
1040	3
1041	1
1042	3
1043	1
1044	2
1045	3
1046	1
1047	4
1048	3
1049	1
1050	2
1051	4
1052	4
1053	4
1054	4
1055	4
1056	2
1057	4
1058	4
1059	2
1060	3
1061	4
1062	4
1063	1
1064	4
1065	4
1066	4
1067	2
1068	3
1069	1
1070	1
1071	4
1072	2
1073	2
1074	1
1075	2
1076	3
1077	2
1078	1
1079	1
1080	2
1081	1
1082	2
1083	1
1084	1
1085	2
1086	4
1087	3
1088	2
1089	1
1090	4
1091	3
1092	1
1093	2
1094	2
1095	1
1096	4
1097	1
1098	1
1099	3
1100	1
1101	4
1102	1
1103	2
1104	1
1105	4
1106	2
1107	1
1108	1
1109	1
1110	4
1111	2
1112	3
1113	3
1114	3
1115	4
1116	2
1117	2
1118	2
1119	4
1120	3
1121	3
1122	2
1123	4
1124	2
1125	3
1126	2
1127	4
1128	2
1129	4
1130	1
1131	3
1132	3
1133	3
1134	1
1135	2
1136	4
1137	4
1138	2
1139	3
1140	2
1141	1
1142	2
1143	1
1144	4
1145	2
1146	3
1147	3
1148	2
1149	4
1150	3
1151	3
1152	3
1153	1
1154	2
1155	3
1156	4
1157	3
1158	2
1159	3
1160	4
1161	2
1162	1
1163	4
1164	3
1165	4
1166	2
1167	2
1168	2
1169	4
1170	4
1171	1
1172	4
1173	1
1174	1
1175	2
1176	1
1177	3
1178	1
1179	3
1180	4
1181	3
1182	4
1183	2
1184	4
1185	3
1186	4
1187	4
1188	1
1189	3
1190	1
1191	3
1192	3
1193	1
1194	4
1195	3
1196	1
1197	1
1198	2
1199	4
1200	3
1201	2
1202	1
1203	1
1204	3
1205	1
1206	4
1207	4
1208	2
1209	3
1210	2
1211	2
1212	3
1213	1
1214	4
1215	1
1216	1
1217	4
1218	2
1219	4
1220	4
1221	3
1222	2
1223	1
1224	2
1225	2
1226	2
1227	1
1228	2
1229	4
1230	2
1231	1
1232	2
1233	1
1234	4
1235	4
1236	4
1237	2
1238	3
1239	1
1240	1
1241	1
1242	3
1243	1
1244	2
1245	2
1246	2
1247	4
1248	2
1249	1
1250	2
1251	3
1252	4
1253	4
1254	1
1255	1
1256	3
1257	4
1258	1
1259	4
1260	4
1261	2
1262	2
1263	1
1264	4
1265	1
1266	4
1267	3
1268	2
1269	2
1270	4
1271	3
1272	1
1273	2
1274	1
1275	3
1276	2
1277	4
1278	1
1279	4
1280	2
1281	4
1282	4
1283	1
1284	2
1285	2
1286	4
1287	2
1288	1
1289	4
1290	1
1291	4
1292	4
1293	3
1294	1
1295	1
1296	1
1297	4
1298	4
1299	1
1300	2
1301	3
1302	1
1303	4
1304	2
1305	4
1306	4
1307	4
1308	4
1309	4
1310	4
1311	2
1312	4
1313	3
1314	3
1315	2
1316	3
1317	4
1318	4
1319	1
1320	3
1321	2
1322	2
1323	2
1324	2
1325	1
1326	1
1327	3
1328	3
1329	4
1330	4
1331	3
1332	3
1333	4
1334	2
1335	2
1336	1
1337	1
1338	1
1339	4
1340	1
1341	2
1342	2
1343	1
1344	2
1345	2
1346	3
1347	4
1348	3
1349	3
1350	4
1351	4
1352	3
1353	3
1354	1
1355	3
1356	4
1357	1
1358	4
1359	4
1360	1
1361	3
1362	3
1363	1
1364	2
1365	1
1366	4
1367	1
1368	2
1369	1
1370	1
1371	4
1372	3
1373	4
1374	3
1375	2
1376	1
1377	3
1378	1
1379	1
1380	3
1381	3
1382	1
1383	1
1384	4
1385	4
1386	1
1387	1
1388	1
1389	2
1390	4
1391	4
1392	3
1393	1
1394	1
1395	1
1396	2
1397	1
1398	1
1399	3
1400	1
1401	3
1402	3
1403	1
1404	3
1405	1
1406	2
1407	3
1408	1
1409	3
1410	2
1411	2
1412	3
1413	4
1414	3
1415	1
1416	4
1417	4
1418	1
1419	1
1420	1
1421	2
1422	1
1423	3
1424	1
1425	2
1426	2
1427	1
1428	1
1429	2
1430	2
1431	2
1432	4
1433	1
1434	3
1435	4
1436	3
1437	4
1438	1
1439	2
1440	4
1441	2
1442	2
1443	1
1444	1
1445	3
1446	1
1447	2
1448	2
1449	2
1450	1
1451	4
1452	4
1453	2
1454	4
1455	1
1456	3
1457	1
1458	2
1459	3
1460	2
1461	4
1462	4
1463	4
1464	2
1465	2
1466	3
1467	4
1468	1
1469	1
1470	4
1471	2
1472	1
1473	1
1474	3
1475	4
1476	2
1477	4
1478	3
1479	4
1480	4
1481	4
1482	1
1483	3
1484	4
1485	2
1486	2
1487	1
1488	3
1489	3
1490	3
1491	3
1492	4
1493	4
1494	1
1495	3
1496	2
1497	1
1498	2
1499	4
1500	4
1501	2
1502	1
1503	1
1504	4
1505	4
1506	4
1507	4
1508	4
1509	1
1510	4
1511	3
1512	3
1513	2
1514	4
1515	4
1516	3
1517	3
1518	3
1519	4
1520	4
1521	1
1522	3
1523	2
1524	4
1525	4
1526	4
1527	3
1528	4
1529	2
1530	1
1531	3
1532	4
1533	4
1534	3
1535	2
1536	4
1537	3
1538	1
1539	2
1540	4
1541	4
1542	2
1543	2
1544	2
1545	4
1546	1
1547	3
1548	4
1549	1
1550	1
1551	1
1552	1
1553	1
1554	3
1555	1
1556	4
1557	2
1558	2
1559	3
1560	2
1561	3
1562	4
1563	3
1564	3
1565	1
1566	4
1567	2
1568	4
1569	2
1570	4
1571	2
1572	4
1573	3
1574	1
1575	4
1576	4
1577	4
1578	4
1579	2
1580	3
1581	2
1582	3
1583	2
1584	4
1585	4
1586	1
1587	4
1588	3
1589	2
1590	2
1591	4
1592	2
1593	3
1594	1
1595	2
1596	4
1597	1
1598	2
1599	3
1600	1
1601	3
1602	1
1603	2
1604	3
1605	2
1606	3
1607	4
1608	1
1609	4
1610	3
1611	4
1612	1
1613	2
1614	2
1615	2
1616	2
1617	2
1618	4
1619	1
1620	1
1621	4
1622	4
1623	1
1624	4
1625	4
1626	2
1627	2
1628	3
1629	4
1630	3
1631	2
1632	4
1633	4
1634	4
1635	2
1636	3
1637	2
1638	2
1639	4
1640	4
1641	2
1642	4
1643	2
1644	4
1645	1
1646	1
1647	2
1648	4
1649	3
1650	4
1651	3
1652	4
1653	2
1654	1
1655	4
1656	1
1657	4
1658	2
1659	1
1660	4
1661	3
1662	2
1663	4
1664	1
1665	2
1666	3
1667	4
1668	4
1669	4
1670	3
1671	1
1672	3
1673	4
1674	3
1675	3
1676	3
1677	3
1678	2
1679	4
1680	2
1681	2
1682	1
1683	4
1684	1
1685	1
1686	4
1687	2
1688	1
1689	2
1690	2
1691	3
1692	4
1693	3
1694	1
1695	2
1696	1
1697	2
1698	2
1699	2
1700	3
1701	4
1702	3
1703	3
1704	4
1705	1
1706	4
1707	4
1708	3
1709	3
1710	3
1711	4
1712	1
1713	3
1714	3
1715	1
1716	4
1717	4
1718	3
1719	4
1720	1
1721	3
1722	3
1723	4
1724	2
1725	4
1726	2
1727	4
1728	1
1729	2
1730	3
1731	1
1732	3
1733	3
1734	1
1735	2
1736	1
1737	4
1738	3
1739	2
1740	2
1741	2
1742	3
1743	2
1744	3
1745	1
1746	2
1747	1
1748	4
1749	2
1750	3
1751	3
1752	2
1753	3
1754	2
1755	3
1756	4
1757	1
1758	4
1759	3
1760	2
1761	2
1762	2
1763	4
1764	4
1765	3
1766	4
1767	4
1768	3
1769	1
1770	1
1771	3
1772	4
1773	1
1774	1
1775	4
1776	1
1777	1
1778	4
1779	2
1780	4
1781	4
1782	4
1783	2
1784	4
1785	1
1786	4
1787	3
1788	3
1789	2
1790	1
1791	3
1792	1
1793	4
1794	1
1795	2
1796	3
1797	2
1798	1
1799	2
1800	4
1801	2
1802	2
1803	4
1804	2
1805	4
1806	2
1807	1
1808	2
1809	4
1810	2
1811	1
1812	1
1813	3
1814	2
1815	1
1816	1
1817	2
1818	4
1819	2
1820	2
1821	3
1822	1
1823	2
1824	2
1825	2
1826	2
1827	1
1828	2
1829	3
1830	3
1831	1
1832	2
1833	2
1834	4
1835	1
1836	1
1837	3
1838	4
1839	3
1840	2
1841	2
1842	1
1843	4
1844	3
1845	3
1846	4
1847	1
1848	3
1849	3
1850	4
1851	4
1852	3
1853	1
1854	3
1855	3
1856	1
1857	4
1858	4
1859	4
1860	3
1861	4
1862	4
1863	4
1864	1
1865	3
1866	1
1867	1
1868	3
1869	3
1870	4
1871	4
1872	1
1873	3
1874	2
1875	4
1876	2
1877	2
1878	2
1879	4
1880	4
1881	2
1882	3
1883	3
1884	3
1885	3
1886	3
1887	2
1888	1
1889	4
1890	2
1891	2
1892	4
1893	4
1894	1
1895	3
1896	1
1897	3
1898	4
1899	4
1900	4
1901	1
1902	4
1903	4
1904	1
1905	2
1906	4
1907	3
1908	4
1909	3
1910	2
1911	3
1912	3
1913	2
1914	1
1915	1
1916	1
1917	2
1918	3
1919	2
1920	1
1921	2
1922	3
1923	2
1924	4
1925	4
1926	4
1927	4
1928	3
1929	3
1930	1
1931	4
1932	4
1933	1
1934	3
1935	2
1936	1
1937	3
1938	3
1939	3
1940	2
1941	3
1942	1
1943	1
1944	4
1945	2
1946	2
1947	2
1948	3
1949	4
1950	4
1951	1
1952	4
1953	2
1954	2
1955	4
1956	1
1957	2
1958	3
1959	4
1960	1
1961	4
1962	1
1963	3
1964	2
1965	2
1966	4
1967	2
1968	3
1969	1
1970	3
1971	3
1972	1
1973	4
1974	3
1975	1
1976	4
1977	1
1978	4
1979	1
1980	3
1981	4
1982	2
1983	1
1984	3
1985	3
1986	2
1987	3
1988	4
1989	3
1990	3
1991	4
1992	1
1993	2
1994	2
1995	4
1996	1
1997	3
1998	2
1999	3
2000	4
2001	1
2002	2
2003	2
2004	4
2005	1
2006	4
2007	2
2008	4
2009	1
2010	2
2011	4
2012	1
2013	3
2014	3
2015	2
2016	2
2017	2
2018	2
2019	4
2020	1
2021	2
2022	3
2023	1
2024	3
2025	3
2026	4
2027	4
2028	2
2029	2
2030	3
2031	3
2032	3
2033	3
2034	1
2035	4
2036	4
2037	1
2038	2
2039	4
2040	3
2041	3
2042	3
2043	4
2044	2
2045	3
2046	1
2047	2
2048	3
2049	3
2050	3
2051	1
2052	4
2053	1
2054	1
2055	2
2056	3
2057	2
2058	1
2059	1
2060	1
2061	4
2062	3
2063	4
2064	3
2065	3
2066	1
2067	2
2068	3
2069	1
2070	3
2071	4
2072	4
2073	3
2074	3
2075	3
2076	2
2077	4
2078	1
2079	3
2080	4
2081	4
2082	4
2083	2
2084	4
2085	2
2086	3
2087	1
2088	3
2089	4
2090	3
2091	1
2092	4
2093	3
2094	4
2095	2
2096	3
2097	4
2098	2
2099	2
2100	4
2101	4
2102	4
2103	2
2104	1
2105	1
2106	1
2107	2
2108	3
2109	3
2110	3
2111	4
2112	1
2113	1
2114	1
2115	1
2116	4
2117	4
2118	1
2119	1
2120	1
2121	2
2122	4
2123	4
2124	2
2125	2
2126	3
2127	2
2128	1
2129	1
2130	4
2131	3
2132	1
2133	1
2134	3
2135	3
2136	4
2137	2
2138	4
2139	4
2140	3
2141	2
2142	3
2143	3
2144	3
2145	1
2146	4
2147	3
2148	4
2149	1
2150	3
2151	4
2152	3
2153	2
2154	3
2155	3
2156	1
2157	3
2158	4
2159	2
2160	2
2161	3
2162	1
2163	2
2164	1
2165	3
2166	2
2167	4
2168	4
2169	1
2170	1
2171	3
2172	4
2173	2
2174	1
2175	4
2176	4
2177	1
2178	4
2179	1
2180	4
2181	4
2182	1
2183	2
2184	3
2185	4
2186	3
2187	2
2188	2
2189	4
2190	3
2191	1
2192	3
2193	3
2194	2
2195	1
2196	1
2197	4
2198	2
2199	2
2200	1
2201	3
2202	2
2203	1
2204	4
2205	3
2206	3
2207	2
2208	1
2209	3
2210	3
2211	1
2212	3
2213	3
2214	3
2215	3
2216	4
2217	1
2218	2
2219	4
2220	4
2221	1
2222	3
2223	1
2224	1
2225	3
2226	3
2227	3
2228	4
2229	2
2230	1
2231	2
2232	3
2233	4
2234	2
2235	4
2236	3
2237	4
2238	2
2239	2
2240	4
2241	3
2242	1
2243	4
2244	3
2245	3
2246	2
2247	4
2248	4
2249	1
2250	2
2251	2
2252	4
2253	4
2254	3
2255	4
2256	4
2257	1
2258	4
2259	4
2260	1
2261	2
2262	4
2263	4
2264	3
2265	2
2266	2
2267	1
2268	4
2269	4
2270	4
2271	4
2272	2
2273	2
2274	2
2275	1
2276	1
2277	1
2278	2
2279	1
2280	1
2281	4
2282	4
2283	2
2284	2
2285	3
2286	2
2287	2
2288	1
2289	3
2290	1
2291	1
2292	1
2293	3
2294	4
2295	3
2296	1
2297	2
2298	1
2299	3
2300	1
2301	1
2302	1
2303	1
2304	1
2305	2
2306	1
2307	1
2308	4
2309	2
2310	3
2311	2
2312	1
2313	1
2314	2
2315	2
2316	2
2317	2
2318	2
2319	3
2320	2
2321	1
2322	3
2323	1
2324	2
2325	4
2326	3
2327	4
2328	1
2329	2
2330	4
2331	1
2332	2
2333	2
2334	2
2335	3
2336	3
2337	1
2338	1
2339	1
2340	3
2341	3
2342	3
2343	4
2344	3
2345	1
2346	3
2347	1
2348	3
2349	2
2350	1
2351	3
2352	2
2353	3
2354	1
2355	1
2356	3
2357	1
2358	2
2359	2
2360	1
2361	2
2362	1
2363	1
2364	2
2365	2
2366	3
2367	4
2368	1
2369	2
2370	1
2371	3
2372	3
2373	4
2374	4
2375	4
2376	1
2377	2
2378	2
2379	4
2380	3
2381	1
2382	1
2383	2
2384	2
2385	1
2386	1
2387	3
2388	2
2389	4
2390	1
2391	1
2392	1
2393	4
2394	1
2395	1
2396	3
2397	1
2398	2
2399	1
2400	3
2401	2
2402	4
2403	4
2404	1
2405	4
2406	4
2407	1
2408	2
2409	3
2410	4
2411	1
2412	1
2413	2
2414	3
2415	1
2416	1
2417	1
2418	2
2419	1
2420	4
2421	4
2422	1
2423	3
2424	3
2425	2
2426	2
2427	1
2428	1
2429	3
2430	4
2431	3
2432	1
2433	4
2434	4
2435	1
2436	1
2437	4
2438	1
2439	1
2440	3
2441	1
2442	2
2443	3
2444	2
2445	2
2446	1
2447	4
2448	1
2449	2
2450	4
2451	1
2452	2
2453	4
2454	3
2455	3
2456	2
2457	3
2458	1
2459	2
2460	3
2461	2
2462	1
2463	2
2464	1
2465	4
2466	3
2467	2
2468	4
2469	1
2470	1
2471	1
2472	3
2473	3
2474	1
2475	1
2476	2
2477	3
2478	1
2479	4
2480	4
2481	4
2482	4
2483	4
2484	2
2485	4
2486	4
2487	1
2488	1
2489	1
2490	1
2491	4
2492	2
2493	2
2494	3
2495	1
2496	1
2497	3
2498	2
2499	2
2500	2
2501	1
2502	1
2503	1
2504	4
2505	4
2506	2
2507	4
2508	1
2509	4
2510	2
2511	3
2512	4
2513	2
2514	2
2515	2
2516	2
2517	4
2518	3
2519	1
2520	1
2521	2
2522	3
2523	1
2524	2
2525	4
2526	4
2527	2
2528	2
2529	1
2530	2
2531	2
2532	4
2533	4
2534	4
2535	4
2536	2
2537	3
2538	1
2539	2
2540	1
2541	4
2542	3
2543	2
2544	3
2545	4
2546	1
2547	4
2548	2
2549	4
2550	4
2551	4
2552	1
2553	4
2554	4
2555	2
2556	4
2557	3
2558	1
2559	4
2560	4
2561	3
2562	4
2563	4
2564	3
2565	4
2566	4
2567	3
2568	3
2569	2
2570	1
2571	4
2572	4
2573	3
2574	1
2575	1
2576	3
2577	2
2578	3
2579	2
2580	1
2581	1
2582	3
2583	1
2584	1
2585	4
2586	2
2587	1
2588	3
2589	1
2590	3
2591	4
2592	2
2593	4
2594	3
2595	2
2596	3
2597	2
2598	1
2599	2
2600	3
2601	3
2602	3
2603	2
2604	2
2605	4
2606	1
2607	1
2608	1
2609	3
2610	2
2611	2
2612	2
2613	1
2614	4
2615	3
2616	3
2617	1
2618	1
2619	1
2620	4
2621	3
2622	4
2623	2
2624	2
2625	3
2626	1
2627	1
2628	4
2629	3
2630	2
2631	1
2632	4
2633	4
2634	3
2635	1
2636	3
2637	1
2638	1
2639	2
2640	1
2641	1
2642	2
2643	2
2644	2
2645	2
2646	2
2647	1
2648	2
2649	4
2650	2
2651	2
2652	1
2653	3
2654	1
2655	2
2656	4
2657	3
2658	2
2659	1
2660	1
2661	2
2662	2
2663	1
2664	1
2665	1
2666	1
2667	3
2668	2
2669	3
2670	1
2671	2
2672	4
2673	3
2674	1
2675	3
2676	2
2677	4
2678	3
2679	2
2680	4
2681	3
2682	4
2683	3
2684	4
2685	1
2686	1
2687	1
2688	3
2689	1
2690	1
2691	2
2692	4
2693	1
2694	4
2695	2
2696	2
2697	1
2698	2
2699	4
2700	3
2701	3
2702	2
2703	2
2704	2
2705	4
2706	2
2707	3
2708	4
2709	3
2710	1
2711	1
2712	4
2713	3
2714	1
2715	3
2716	1
2717	1
2718	2
2719	2
2720	1
2721	3
2722	4
2723	3
2724	4
2725	3
2726	3
2727	3
2728	3
2729	2
2730	4
2731	2
2732	1
2733	2
2734	1
2735	2
2736	4
2737	1
2738	2
2739	2
2740	2
2741	2
2742	1
2743	4
2744	2
2745	2
2746	1
2747	4
2748	4
2749	2
2750	1
2751	4
2752	1
2753	3
2754	1
2755	4
2756	1
2757	1
2758	4
2759	3
2760	1
2761	3
2762	4
2763	1
2764	1
2765	4
2766	1
2767	1
2768	1
2769	2
2770	4
2771	4
2772	4
2773	1
2774	4
2775	2
2776	2
2777	2
2778	2
2779	4
2780	1
2781	1
2782	2
2783	3
2784	2
2785	3
2786	3
2787	3
2788	1
2789	1
2790	1
2791	4
2792	3
2793	1
2794	1
2795	4
2796	4
2797	4
2798	3
2799	2
2800	4
2801	2
2802	4
2803	3
2804	3
2805	1
2806	2
2807	3
2808	4
2809	1
2810	2
2811	1
2812	1
2813	1
2814	1
2815	4
2816	2
2817	3
2818	4
2819	1
2820	2
2821	4
2822	1
2823	3
2824	1
2825	3
2826	3
2827	1
2828	2
2829	2
2830	4
2831	3
2832	4
2833	4
2834	2
2835	3
2836	4
2837	2
2838	2
2839	4
2840	3
2841	3
2842	3
2843	4
2844	2
2845	1
2846	1
2847	3
2848	3
2849	2
2850	3
2851	1
2852	2
2853	3
2854	3
2855	4
2856	3
2857	1
2858	1
2859	3
2860	3
2861	3
2862	3
2863	1
2864	2
2865	4
2866	4
2867	4
2868	2
2869	4
2870	2
2871	2
2872	4
2873	1
2874	3
2875	1
2876	3
2877	2
2878	4
2879	3
2880	4
2881	1
2882	3
2883	2
2884	3
2885	4
2886	4
2887	2
2888	2
2889	3
2890	3
2891	2
2892	4
2893	4
2894	1
2895	3
2896	1
2897	2
2898	3
2899	3
2900	4
2901	4
2902	4
2903	1
2904	2
2905	3
2906	3
2907	4
2908	4
2909	4
2910	1
2911	3
2912	1
2913	1
2914	4
2915	2
2916	4
2917	3
2918	4
2919	1
2920	4
2921	4
2922	1
2923	3
2924	2
2925	3
2926	1
2927	4
2928	4
2929	4
2930	4
2931	3
2932	1
2933	3
2934	2
2935	2
2936	1
2937	1
2938	1
2939	1
2940	4
2941	2
2942	3
2943	1
2944	3
2945	4
2946	2
2947	4
2948	4
2949	1
2950	2
2951	2
2952	1
2953	4
2954	2
2955	3
2956	3
2957	1
2958	2
2959	2
2960	1
2961	2
2962	4
2963	1
2964	1
2965	2
2966	2
2967	4
2968	2
2969	2
2970	2
2971	3
2972	2
2973	1
2974	1
2975	1
2976	2
2977	2
2978	2
2979	2
2980	4
2981	4
2982	2
2983	4
2984	1
2985	1
2986	2
2987	3
2988	1
2989	3
2990	4
2991	1
2992	2
2993	4
2994	1
2995	4
2996	4
2997	4
2998	1
2999	3
3000	4
3001	4
3002	4
3003	1
3004	2
3005	1
3006	4
3007	1
3008	2
3009	4
3010	2
3011	2
3012	3
3013	2
3014	3
3015	4
3016	1
3017	3
3018	1
3019	4
3020	3
3021	1
3022	3
3023	3
3024	4
3025	3
3026	3
3027	1
3028	4
3029	3
3030	1
3031	1
3032	1
3033	2
3034	2
3035	4
3036	1
3037	2
3038	3
3039	4
3040	2
3041	4
3042	1
3043	1
3044	1
3045	2
3046	4
3047	1
3048	3
3049	2
3050	1
3051	3
3052	2
3053	4
3054	4
3055	2
3056	4
3057	1
3058	2
3059	3
3060	2
3061	4
3062	1
3063	2
3064	2
3065	2
3066	3
3067	3
3068	4
3069	4
3070	1
3071	1
3072	4
3073	1
3074	1
3075	2
3076	2
3077	1
3078	2
3079	1
3080	2
3081	1
3082	2
3083	4
3084	1
3085	1
3086	4
3087	4
3088	3
3089	4
3090	1
3091	4
3092	4
3093	2
3094	3
3095	1
3096	3
3097	4
3098	2
3099	1
3100	3
3101	3
3102	2
3103	4
3104	4
3105	1
3106	3
3107	4
3108	4
3109	1
3110	2
3111	1
3112	1
3113	4
3114	2
3115	1
3116	3
3117	4
3118	1
3119	2
3120	1
3121	3
3122	3
3123	4
3124	4
3125	2
3126	2
3127	4
3128	2
3129	3
3130	4
3131	2
3132	3
3133	4
3134	2
3135	2
3136	3
3137	3
3138	3
3139	4
3140	2
3141	1
3142	1
3143	2
3144	4
3145	3
3146	1
3147	4
3148	1
3149	1
3150	2
3151	1
3152	1
3153	2
3154	1
3155	2
3156	2
3157	3
3158	1
3159	4
3160	3
3161	2
3162	1
3163	2
3164	3
3165	2
3166	1
3167	2
3168	1
3169	3
3170	1
3171	4
3172	2
3173	3
3174	2
3175	1
3176	4
3177	4
3178	4
3179	2
3180	2
3181	4
3182	3
3183	1
3184	1
3185	4
3186	3
3187	3
3188	3
3189	4
3190	4
3191	2
3192	3
3193	4
3194	2
3195	2
3196	4
3197	4
3198	2
3199	1
3200	3
3201	4
3202	3
3203	4
3204	2
3205	1
3206	3
3207	3
3208	3
3209	4
3210	4
3211	2
3212	3
3213	3
3214	3
3215	1
3216	4
3217	1
3218	4
3219	3
3220	2
3221	4
3222	2
3223	2
3224	4
3225	1
3226	2
3227	2
3228	4
3229	4
3230	3
3231	2
3232	1
3233	1
3234	3
3235	4
3236	2
3237	3
3238	3
3239	1
3240	3
3241	1
3242	1
3243	2
3244	3
3245	2
3246	1
3247	4
3248	3
3249	4
3250	1
3251	2
3252	3
3253	2
3254	3
3255	3
3256	2
3257	1
3258	1
3259	4
3260	3
3261	2
3262	1
3263	2
3264	3
3265	4
3266	2
3267	2
3268	2
3269	4
3270	1
3271	1
3272	1
3273	2
3274	2
3275	1
3276	1
3277	2
3278	1
3279	1
3280	3
3281	1
3282	3
3283	4
3284	1
3285	3
3286	2
3287	3
3288	2
3289	1
3290	3
3291	4
3292	3
3293	3
3294	4
3295	4
3296	4
3297	4
3298	3
3299	2
3300	3
3301	4
3302	2
3303	3
3304	1
3305	1
3306	2
3307	4
3308	1
3309	1
3310	1
3311	4
3312	2
3313	4
3314	1
3315	2
3316	4
3317	4
3318	3
3319	2
3320	1
3321	3
3322	1
3323	3
3324	4
3325	1
3326	2
3327	4
3328	1
3329	4
3330	4
3331	4
3332	4
3333	1
3334	1
3335	3
3336	4
3337	4
3338	1
3339	4
3340	2
3341	1
3342	2
3343	2
3344	2
3345	3
3346	4
3347	4
3348	1
3349	4
3350	1
3351	1
3352	2
3353	3
3354	4
3355	1
3356	4
3357	4
3358	4
3359	4
3360	3
3361	4
3362	2
3363	1
3364	1
3365	4
3366	1
3367	4
3368	4
3369	3
3370	2
3371	2
3372	4
3373	3
3374	1
3375	1
3376	3
3377	4
3378	4
3379	4
3380	3
3381	4
3382	1
3383	1
3384	3
3385	3
3386	2
3387	4
3388	3
3389	2
3390	1
3391	4
3392	3
3393	1
3394	2
3395	4
3396	2
3397	1
3398	2
3399	3
3400	1
3401	1
3402	4
3403	2
3404	1
3405	2
3406	1
3407	4
3408	3
3409	3
3410	1
3411	4
3412	2
3413	4
3414	3
3415	2
3416	2
3417	2
3418	1
3419	1
3420	1
3421	1
3422	1
3423	4
3424	4
3425	2
3426	2
3427	2
3428	3
3429	3
3430	3
3431	4
3432	2
3433	2
3434	2
3435	4
3436	3
3437	1
3438	4
3439	2
3440	1
3441	3
3442	2
3443	1
3444	1
3445	1
3446	4
3447	1
3448	1
3449	2
3450	2
3451	4
3452	2
3453	1
3454	4
3455	1
3456	3
3457	3
3458	2
3459	3
3460	4
3461	4
3462	1
3463	3
3464	3
3465	4
3466	3
3467	4
3468	4
3469	4
3470	2
3471	2
3472	2
3473	1
3474	3
3475	4
3476	3
3477	2
3478	3
3479	4
3480	3
3481	1
3482	3
3483	4
3484	2
3485	1
3486	4
3487	2
3488	4
3489	1
3490	3
3491	1
3492	1
3493	4
3494	2
3495	3
3496	3
3497	4
3498	2
3499	1
3500	4
3501	1
3502	2
3503	3
3504	2
3505	2
3506	1
3507	4
3508	1
3509	2
3510	4
3511	3
3512	4
3513	3
3514	4
3515	3
3516	1
3517	3
3518	1
3519	1
3520	3
3521	2
3522	1
3523	3
3524	3
3525	3
3526	3
3527	2
3528	4
3529	3
3530	2
3531	3
3532	3
3533	3
3534	1
3535	4
3536	3
3537	4
3538	4
3539	3
3540	1
3541	1
3542	2
3543	3
3544	4
3545	4
3546	1
3547	2
3548	4
3549	3
3550	4
3551	3
3552	4
3553	2
3554	2
3555	1
3556	1
3557	3
3558	2
3559	4
3560	3
3561	1
3562	2
3563	4
3564	4
3565	4
3566	2
3567	3
3568	2
3569	3
3570	2
3571	4
3572	2
3573	1
3574	3
3575	4
3576	2
3577	2
3578	3
3579	2
3580	2
3581	2
3582	1
3583	1
3584	2
3585	2
3586	1
3587	4
3588	1
3589	4
3590	1
3591	3
3592	4
3593	4
3594	1
3595	1
3596	3
3597	1
3598	1
3599	1
3600	4
3601	1
3602	2
3603	3
3604	2
3605	1
3606	3
3607	4
3608	2
3609	4
3610	4
3611	1
3612	3
3613	3
3614	1
3615	3
3616	4
3617	3
3618	2
3619	2
3620	4
3621	4
3622	2
3623	1
3624	3
3625	1
3626	3
3627	2
3628	4
3629	4
3630	2
3631	2
3632	2
3633	3
3634	3
3635	3
3636	3
3637	1
3638	1
3639	1
3640	3
3641	3
3642	2
3643	3
3644	2
3645	2
3646	1
3647	1
3648	1
3649	1
3650	2
3651	1
3652	3
3653	3
3654	1
3655	4
3656	3
3657	4
3658	1
3659	4
3660	4
3661	4
3662	4
3663	1
3664	4
3665	4
3666	4
3667	4
3668	4
3669	1
3670	1
3671	3
3672	1
3673	4
3674	3
3675	4
3676	2
3677	3
3678	4
3679	1
3680	4
3681	1
3682	4
3683	3
3684	2
3685	3
3686	2
3687	4
3688	4
3689	4
3690	2
3691	4
3692	1
3693	1
3694	3
3695	3
3696	1
3697	1
3698	4
3699	1
3700	2
3701	4
3702	4
3703	3
3704	1
3705	3
3706	3
3707	4
3708	4
3709	2
3710	3
3711	3
3712	3
3713	4
3714	3
3715	4
3716	2
3717	4
3718	4
3719	4
3720	4
3721	2
3722	2
3723	3
3724	3
3725	4
3726	1
3727	3
3728	1
3729	2
3730	2
3731	2
3732	1
3733	3
3734	1
3735	4
3736	1
3737	2
3738	1
3739	2
3740	2
3741	3
3742	4
3743	4
3744	3
3745	2
3746	3
3747	4
3748	4
3749	2
3750	2
3751	4
3752	1
3753	2
3754	4
3755	1
3756	3
3757	3
3758	4
3759	1
3760	4
3761	2
3762	4
3763	2
3764	3
3765	2
3766	4
3767	1
3768	2
3769	3
3770	4
3771	4
3772	3
3773	2
3774	4
3775	4
3776	1
3777	4
3778	1
3779	3
3780	4
3781	3
3782	3
3783	3
3784	4
3785	1
3786	1
3787	2
3788	1
3789	1
3790	1
3791	4
3792	1
3793	2
3794	4
3795	4
3796	4
3797	4
3798	4
3799	3
3800	2
3801	4
3802	2
3803	2
3804	3
3805	1
3806	1
3807	3
3808	4
3809	2
3810	4
3811	3
3812	4
3813	4
3814	1
3815	4
3816	3
3817	1
3818	4
3819	3
3820	2
3821	4
3822	3
3823	1
3824	2
3825	2
3826	4
3827	3
3828	1
3829	3
3830	4
3831	4
3832	1
3833	2
3834	3
3835	2
3836	1
3837	1
3838	3
3839	1
3840	4
3841	2
3842	2
3843	4
3844	3
3845	1
3846	3
3847	1
3848	1
3849	3
3850	3
3851	3
3852	2
3853	4
3854	4
3855	1
3856	3
3857	4
3858	2
3859	1
3860	4
3861	4
3862	4
3863	3
3864	4
3865	2
3866	2
3867	4
3868	2
3869	1
3870	3
3871	3
3872	2
3873	3
3874	3
3875	2
3876	4
3877	2
3878	3
3879	2
3880	1
3881	4
3882	2
3883	2
3884	1
3885	4
3886	3
3887	4
3888	1
3889	1
3890	1
3891	2
3892	4
3893	1
3894	2
3895	2
3896	4
3897	3
3898	1
3899	1
3900	3
3901	1
3902	1
3903	4
3904	3
3905	4
3906	1
3907	2
3908	1
3909	2
3910	3
3911	1
3912	3
3913	1
3914	2
3915	4
3916	2
3917	4
3918	3
3919	2
3920	1
3921	3
3922	1
3923	1
3924	4
3925	4
3926	4
3927	2
3928	1
3929	2
3930	1
3931	2
3932	4
3933	2
3934	1
3935	3
3936	1
3937	1
3938	3
3939	4
3940	3
3941	2
3942	1
3943	1
3944	4
3945	4
3946	3
3947	1
3948	4
3949	2
3950	1
3951	4
3952	4
3953	3
3954	4
3955	2
3956	2
3957	2
3958	2
3959	2
3960	2
3961	2
3962	1
3963	3
3964	2
3965	4
3966	2
3967	1
3968	2
3969	2
3970	1
3971	3
3972	3
3973	3
3974	2
3975	2
3976	3
3977	3
3978	1
3979	4
3980	3
3981	3
3982	4
3983	1
3984	2
3985	4
3986	1
3987	2
3988	2
3989	3
3990	4
3991	2
3992	1
3993	3
3994	2
3995	2
3996	3
3997	3
3998	2
3999	3
4000	2
4001	1
4002	2
4003	4
4004	1
4005	2
4006	4
4007	1
4008	2
4009	3
4010	2
4011	4
4012	1
4013	4
4014	2
4015	4
4016	1
4017	1
4018	2
4019	1
4020	2
4021	2
4022	2
4023	1
4024	1
4025	1
4026	2
4027	3
4028	4
4029	4
4030	3
4031	4
4032	3
4033	4
4034	2
4035	2
4036	4
4037	4
4038	4
4039	3
4040	3
4041	4
4042	4
4043	2
4044	1
4045	3
4046	4
4047	1
4048	3
4049	1
4050	4
4051	2
4052	1
4053	1
4054	1
4055	1
4056	4
4057	4
4058	4
4059	2
4060	1
4061	2
4062	4
4063	2
4064	1
4065	4
4066	4
4067	1
4068	3
4069	1
4070	3
4071	4
4072	2
4073	3
4074	4
4075	2
4076	4
4077	3
4078	4
4079	2
4080	4
4081	3
4082	2
4083	2
4084	1
4085	1
4086	3
4087	1
4088	3
4089	2
4090	1
4091	3
4092	2
4093	1
4094	1
4095	2
4096	1
4097	4
4098	4
4099	2
4100	3
4101	1
4102	4
4103	1
4104	4
4105	2
4106	1
4107	2
4108	1
4109	4
4110	1
4111	1
4112	2
4113	2
4114	4
4115	3
4116	3
4117	3
4118	1
4119	3
4120	2
4121	4
4122	4
4123	2
4124	1
4125	4
4126	3
4127	1
4128	2
4129	1
4130	2
4131	1
4132	1
4133	3
4134	2
4135	3
4136	4
4137	3
4138	1
4139	1
4140	3
4141	4
4142	1
4143	3
4144	1
4145	4
4146	1
4147	4
4148	4
4149	3
4150	4
4151	1
4152	1
4153	3
4154	3
4155	4
4156	2
4157	4
4158	2
4159	4
4160	3
4161	1
4162	2
4163	3
4164	1
4165	2
4166	1
4167	4
4168	2
4169	1
4170	1
4171	3
4172	1
4173	1
4174	3
4175	2
4176	1
4177	4
4178	4
4179	4
4180	1
4181	1
4182	1
4183	2
4184	1
4185	4
4186	3
4187	4
4188	3
4189	1
4190	1
4191	3
4192	1
4193	3
4194	1
4195	3
4196	3
4197	2
4198	1
4199	2
4200	3
4201	4
4202	3
4203	1
4204	3
4205	4
4206	2
4207	4
4208	4
4209	1
4210	4
4211	4
4212	4
4213	1
4214	1
4215	2
4216	2
4217	3
4218	4
4219	3
4220	3
4221	1
4222	4
4223	2
4224	4
4225	4
4226	2
4227	2
4228	4
4229	1
4230	3
4231	3
4232	2
4233	4
4234	3
4235	2
4236	4
4237	1
4238	2
4239	4
4240	3
4241	4
4242	4
4243	2
4244	2
4245	3
4246	4
4247	4
4248	3
4249	1
4250	1
4251	2
4252	3
4253	2
4254	1
4255	4
4256	2
4257	4
4258	1
4259	1
4260	1
4261	1
4262	3
4263	3
4264	1
4265	3
4266	4
4267	1
4268	2
4269	4
4270	1
4271	1
4272	1
4273	3
4274	2
4275	2
4276	3
4277	3
4278	1
4279	4
4280	2
4281	1
4282	1
4283	3
4284	2
4285	4
4286	1
4287	3
4288	3
4289	1
4290	1
4291	1
4292	2
4293	1
4294	4
4295	4
4296	2
4297	3
4298	3
4299	4
4300	4
4301	2
4302	1
4303	3
4304	4
4305	1
4306	2
4307	2
4308	3
4309	2
4310	3
4311	3
4312	1
4313	2
4314	4
4315	1
4316	3
4317	2
4318	4
4319	1
4320	1
4321	3
4322	3
4323	2
4324	4
4325	2
4326	3
4327	2
4328	4
4329	2
4330	1
4331	3
4332	2
4333	3
4334	3
4335	1
4336	1
4337	3
4338	4
4339	4
4340	3
4341	4
4342	1
4343	1
4344	3
4345	2
4346	1
4347	1
4348	3
4349	2
4350	1
4351	2
4352	3
4353	4
4354	2
4355	2
4356	2
4357	4
4358	1
4359	1
4360	3
4361	1
4362	1
4363	3
4364	1
4365	1
4366	3
4367	2
4368	2
4369	1
4370	1
4371	3
4372	1
4373	4
4374	4
4375	1
4376	2
4377	2
4378	4
4379	2
4380	1
4381	3
4382	3
4383	4
4384	2
4385	2
4386	3
4387	3
4388	4
4389	4
4390	3
4391	1
4392	3
4393	4
4394	2
4395	1
4396	2
4397	3
4398	1
4399	4
4400	1
4401	2
4402	4
4403	4
4404	4
4405	4
4406	3
4407	4
4408	3
4409	2
4410	4
4411	4
4412	1
4413	1
4414	1
4415	3
4416	4
4417	1
4418	2
4419	3
4420	3
4421	3
4422	1
4423	4
4424	4
4425	2
4426	2
4427	4
4428	4
4429	2
4430	2
4431	3
4432	4
4433	3
4434	2
4435	2
4436	3
4437	4
4438	4
4439	4
4440	1
4441	2
4442	2
4443	4
4444	3
4445	3
4446	4
4447	4
4448	1
4449	3
4450	1
4451	3
4452	1
4453	4
4454	3
4455	1
4456	4
4457	1
4458	3
4459	4
4460	4
4461	4
4462	4
4463	4
4464	2
4465	3
4466	2
4467	1
4468	1
4469	1
4470	3
4471	3
4472	3
4473	1
4474	3
4475	3
4476	3
4477	4
4478	3
4479	1
4480	2
4481	2
4482	4
4483	3
4484	1
4485	4
4486	1
4487	2
4488	4
4489	2
4490	4
4491	4
4492	3
4493	4
4494	1
4495	4
4496	4
4497	3
4498	1
4499	4
4500	4
4501	2
4502	3
4503	3
4504	2
4505	3
4506	3
4507	3
4508	4
4509	1
4510	3
4511	1
4512	4
4513	4
4514	1
4515	4
4516	1
4517	2
4518	2
4519	2
4520	4
4521	3
4522	4
4523	2
4524	4
4525	4
4526	3
4527	3
4528	4
4529	3
4530	4
4531	3
4532	4
4533	1
4534	4
4535	3
4536	2
4537	3
4538	3
4539	2
4540	1
4541	1
4542	4
4543	3
4544	3
4545	3
4546	4
4547	4
4548	3
4549	1
4550	3
4551	3
4552	3
4553	3
4554	3
4555	3
4556	2
4557	2
4558	3
4559	2
4560	2
4561	4
4562	4
4563	1
4564	4
4565	1
4566	3
4567	3
4568	4
4569	4
4570	1
4571	1
4572	3
4573	4
4574	3
4575	4
4576	2
4577	4
4578	3
4579	1
4580	2
4581	1
4582	3
4583	4
4584	2
4585	3
4586	1
4587	1
4588	2
4589	1
4590	1
4591	4
4592	3
4593	4
4594	4
4595	2
4596	2
4597	1
4598	4
4599	1
4600	2
4601	4
4602	4
4603	1
4604	2
4605	1
4606	3
4607	1
4608	2
4609	4
4610	4
4611	1
4612	1
4613	4
4614	1
4615	4
4616	2
4617	4
4618	4
4619	1
4620	1
4621	3
4622	4
4623	1
4624	1
4625	1
4626	2
4627	3
4628	2
4629	1
4630	4
4631	4
4632	2
4633	2
4634	1
4635	1
4636	4
4637	3
4638	1
4639	4
4640	2
4641	3
4642	2
4643	2
4644	2
4645	2
4646	4
4647	2
4648	3
4649	2
4650	4
4651	3
4652	3
4653	3
4654	4
4655	1
4656	2
4657	4
4658	3
4659	2
4660	2
4661	2
4662	2
4663	4
4664	2
4665	3
4666	1
4667	2
4668	4
4669	2
4670	1
4671	1
4672	4
4673	2
4674	2
4675	4
4676	2
4677	4
4678	3
4679	4
4680	3
4681	4
4682	2
4683	2
4684	3
4685	2
4686	2
4687	4
4688	1
4689	2
4690	4
4691	2
4692	2
4693	4
4694	3
4695	1
4696	2
4697	3
4698	4
4699	3
4700	4
4701	4
4702	3
4703	4
4704	2
4705	4
4706	1
4707	1
4708	2
4709	4
4710	2
4711	2
4712	1
4713	3
4714	1
4715	4
4716	1
4717	3
4718	2
4719	1
4720	2
4721	3
4722	1
4723	2
4724	4
4725	3
4726	1
4727	2
4728	3
4729	2
4730	3
4731	4
4732	1
4733	1
4734	4
4735	1
4736	4
4737	1
4738	4
4739	4
4740	4
4741	3
4742	4
4743	1
4744	3
4745	3
4746	2
4747	1
4748	2
4749	2
4750	1
4751	4
4752	2
4753	1
4754	1
4755	1
4756	4
4757	2
4758	3
4759	1
4760	2
4761	2
4762	4
4763	4
4764	2
4765	2
4766	2
4767	1
4768	3
4769	4
4770	4
4771	1
4772	1
4773	1
4774	3
4775	1
4776	2
4777	1
4778	4
4779	3
4780	2
4781	3
4782	3
4783	3
4784	3
4785	3
4786	2
4787	3
4788	3
4789	2
4790	2
4791	4
4792	3
4793	2
4794	3
4795	4
4796	2
4797	4
4798	1
4799	2
4800	1
4801	4
4802	2
4803	2
4804	2
4805	4
4806	3
4807	3
4808	2
4809	1
4810	2
4811	1
4812	2
4813	1
4814	1
4815	2
4816	1
4817	1
4818	2
4819	3
4820	1
4821	3
4822	1
4823	2
4824	4
4825	2
4826	2
4827	4
4828	3
4829	1
4830	4
4831	1
4832	1
4833	1
4834	3
4835	2
4836	1
4837	3
4838	4
4839	2
4840	4
4841	3
4842	2
4843	1
4844	2
4845	4
4846	4
4847	1
4848	2
4849	1
4850	4
4851	2
4852	3
4853	1
4854	1
4855	4
4856	2
4857	3
4858	4
4859	4
4860	4
4861	2
4862	3
4863	2
4864	4
4865	1
4866	1
4867	1
4868	2
4869	3
4870	2
4871	2
4872	2
4873	3
4874	3
4875	3
4876	2
4877	4
4878	2
4879	1
4880	4
4881	4
4882	1
4883	1
4884	1
4885	4
4886	2
4887	2
4888	3
4889	3
4890	1
4891	4
4892	1
4893	3
4894	1
4895	1
4896	2
4897	4
4898	1
4899	3
4900	4
4901	4
4902	3
4903	3
4904	3
4905	3
4906	3
4907	2
4908	3
4909	4
4910	2
4911	1
4912	2
4913	1
4914	3
4915	3
4916	2
4917	2
4918	4
4919	1
4920	2
4921	2
4922	4
4923	4
4924	1
4925	1
4926	1
4927	2
4928	2
4929	3
4930	1
4931	2
4932	2
4933	3
4934	2
4935	1
4936	2
4937	1
4938	1
4939	2
4940	1
4941	1
4942	3
4943	1
4944	2
4945	1
4946	2
4947	2
4948	1
4949	3
4950	3
4951	1
4952	4
4953	1
4954	3
4955	2
4956	2
4957	4
4958	3
4959	2
4960	1
4961	4
4962	3
4963	2
4964	1
4965	3
4966	4
4967	3
4968	4
4969	1
4970	2
4971	2
4972	4
4973	2
4974	2
4975	4
4976	3
4977	1
4978	2
4979	3
4980	3
4981	4
4982	4
4983	4
4984	3
4985	3
4986	3
4987	2
4988	4
4989	2
4990	3
4991	4
4992	1
4993	1
4994	3
4995	2
4996	4
4997	2
4998	1
4999	4
5000	2
5001	2
5002	2
5003	3
5004	3
5005	1
5006	2
5007	1
5008	2
5009	3
5010	3
5011	3
5012	1
5013	1
5014	2
5015	1
5016	3
5017	2
5018	4
5019	2
5020	1
5021	1
5022	1
5023	1
5024	2
5025	3
5026	2
5027	2
5028	1
5029	3
5030	2
5031	4
5032	3
5033	4
5034	2
5035	4
5036	1
5037	4
5038	1
5039	4
5040	1
5041	4
5042	1
5043	4
5044	4
5045	3
5046	4
5047	1
5048	1
5049	1
5050	4
5051	3
5052	3
5053	4
5054	4
5055	3
5056	4
5057	2
5058	4
5059	4
5060	1
5061	4
5062	3
5063	2
5064	2
5065	2
5066	4
5067	3
5068	2
5069	3
5070	4
5071	3
5072	4
5073	2
5074	4
5075	4
5076	4
5077	2
5078	1
5079	2
5080	3
5081	1
5082	2
5083	2
5084	1
5085	1
5086	4
5087	2
5088	3
5089	4
5090	3
5091	1
5092	3
5093	1
5094	4
5095	1
5096	3
5097	4
5098	3
5099	3
5100	1
5101	2
5102	4
5103	3
5104	2
5105	3
5106	3
5107	4
5108	1
5109	2
5110	2
5111	4
5112	1
5113	3
5114	1
5115	3
5116	4
5117	3
5118	2
5119	4
5120	4
5121	3
5122	2
5123	3
5124	3
5125	4
5126	4
5127	4
5128	4
5129	3
5130	2
5131	3
5132	1
5133	2
5134	4
5135	3
5136	2
5137	2
5138	4
5139	3
5140	3
5141	4
5142	1
5143	2
5144	4
5145	1
5146	4
5147	3
5148	2
5149	2
5150	3
5151	1
5152	2
5153	4
5154	3
5155	1
5156	2
5157	2
5158	3
5159	3
5160	4
5161	1
5162	3
5163	3
5164	3
5165	4
5166	1
5167	1
5168	2
5169	1
5170	3
5171	1
5172	3
5173	2
5174	3
5175	2
5176	1
5177	4
5178	3
5179	4
5180	1
5181	2
5182	3
5183	2
5184	3
5185	4
5186	3
5187	2
5188	1
5189	1
5190	3
5191	3
5192	2
5193	3
5194	4
5195	3
5196	4
5197	4
5198	1
5199	3
5200	4
5201	2
5202	4
5203	4
5204	1
5205	4
5206	2
5207	4
5208	1
5209	1
5210	4
5211	4
5212	4
5213	4
5214	4
5215	3
5216	3
5217	3
5218	4
5219	4
5220	3
5221	1
5222	4
5223	4
5224	3
5225	2
5226	2
5227	4
5228	2
5229	3
5230	4
5231	1
5232	2
5233	3
5234	2
5235	1
5236	1
5237	1
5238	4
5239	2
5240	2
5241	4
5242	1
5243	3
5244	4
5245	4
5246	4
5247	1
5248	1
5249	4
5250	2
5251	2
5252	2
5253	1
5254	4
5255	1
5256	1
5257	3
5258	2
5259	3
5260	3
5261	2
5262	1
5263	1
5264	4
5265	1
5266	3
5267	3
5268	4
5269	4
5270	4
5271	2
5272	1
5273	1
5274	3
5275	2
5276	1
5277	2
5278	4
5279	1
5280	2
5281	1
5282	2
5283	3
5284	2
5285	2
5286	2
5287	2
5288	3
5289	3
5290	2
5291	4
5292	2
5293	2
5294	1
5295	4
5296	2
5297	2
5298	2
5299	1
5300	4
5301	1
5302	1
5303	4
5304	4
5305	2
5306	4
5307	1
5308	3
5309	3
5310	3
5311	3
5312	2
5313	1
5314	4
5315	2
5316	4
5317	1
5318	4
5319	2
5320	3
5321	3
5322	3
5323	1
5324	3
5325	1
5326	1
5327	3
5328	2
5329	4
5330	3
5331	4
5332	4
5333	3
5334	4
5335	3
5336	1
5337	4
5338	3
5339	2
5340	4
5341	4
5342	1
5343	3
5344	4
5345	3
5346	3
5347	3
5348	2
5349	2
5350	3
5351	2
5352	1
5353	2
5354	4
5355	1
5356	3
5357	3
5358	4
5359	3
5360	4
5361	1
5362	4
5363	4
5364	2
5365	3
5366	2
5367	3
5368	3
5369	3
5370	1
5371	4
5372	1
5373	2
5374	1
5375	3
5376	1
5377	2
5378	3
5379	3
5380	2
5381	3
5382	3
5383	4
5384	4
5385	1
5386	2
5387	1
5388	4
5389	3
5390	1
5391	1
5392	2
5393	4
5394	4
5395	1
5396	3
5397	3
5398	2
5399	2
5400	1
5401	1
5402	3
5403	2
5404	2
5405	3
5406	4
5407	1
5408	1
5409	1
5410	2
5411	1
5412	3
5413	4
5414	3
5415	1
5416	3
5417	3
5418	1
5419	1
5420	4
5421	1
5422	3
5423	3
5424	1
5425	4
5426	4
5427	1
5428	3
5429	4
5430	1
5431	3
5432	4
5433	1
5434	2
5435	2
5436	3
5437	2
5438	1
5439	1
5440	1
5441	1
5442	2
5443	1
5444	4
5445	3
5446	3
5447	3
5448	3
5449	2
5450	2
5451	2
5452	3
5453	2
5454	1
5455	2
5456	3
5457	3
5458	1
5459	1
5460	3
5461	3
5462	3
5463	3
5464	2
5465	1
5466	1
5467	4
5468	3
5469	1
5470	1
5471	1
5472	2
5473	4
5474	2
5475	2
5476	1
5477	1
5478	1
5479	1
5480	4
5481	3
5482	4
5483	1
5484	4
5485	4
5486	4
5487	1
5488	4
5489	3
5490	3
5491	2
5492	1
5493	3
5494	3
5495	4
5496	3
5497	2
5498	1
5499	3
5500	4
5501	2
5502	1
5503	2
5504	3
5505	2
5506	3
5507	2
5508	1
5509	1
5510	4
5511	2
5512	3
5513	1
5514	1
5515	4
5516	1
5517	2
5518	3
5519	2
5520	3
5521	2
5522	1
5523	2
5524	1
5525	1
5526	4
5527	3
5528	4
5529	3
5530	1
5531	2
5532	3
5533	1
5534	2
5535	2
5536	2
5537	2
5538	2
5539	4
5540	2
5541	1
5542	4
5543	4
5544	4
5545	2
5546	1
5547	3
5548	3
5549	2
5550	2
5551	4
5552	2
5553	1
5554	4
5555	3
5556	4
5557	2
5558	1
5559	2
5560	3
5561	3
5562	4
5563	4
5564	3
5565	1
5566	2
5567	2
5568	4
5569	2
5570	2
5571	4
5572	1
5573	3
5574	2
5575	3
5576	1
5577	4
5578	3
5579	2
5580	2
5581	4
5582	2
5583	1
5584	3
5585	2
5586	2
5587	1
5588	1
5589	2
5590	4
5591	1
5592	2
5593	3
5594	2
5595	1
5596	1
5597	4
5598	3
5599	4
5600	2
5601	2
5602	3
5603	2
5604	3
5605	4
5606	4
5607	1
5608	2
5609	1
5610	2
5611	1
5612	2
5613	2
5614	3
5615	4
5616	1
5617	1
5618	4
5619	4
5620	4
5621	1
5622	1
5623	2
5624	2
5625	3
5626	4
5627	1
5628	4
5629	3
5630	3
5631	1
5632	3
5633	3
5634	4
5635	2
5636	2
5637	1
5638	1
5639	4
5640	1
5641	2
5642	4
5643	4
5644	3
5645	2
5646	2
5647	4
5648	3
5649	2
5650	1
5651	1
5652	1
5653	1
5654	2
5655	3
5656	4
5657	4
5658	1
5659	3
5660	1
5661	4
5662	4
5663	3
5664	2
5665	3
5666	1
5667	3
5668	1
5669	2
5670	3
5671	4
5672	1
5673	4
5674	3
5675	3
5676	4
5677	4
5678	4
5679	3
5680	3
5681	2
5682	2
5683	3
5684	3
5685	4
5686	4
5687	3
5688	4
5689	3
5690	3
5691	1
5692	1
5693	4
5694	1
5695	2
5696	1
5697	4
5698	2
5699	2
5700	1
5701	4
5702	3
5703	2
5704	1
5705	4
5706	4
5707	2
5708	3
5709	2
5710	3
5711	4
5712	1
5713	2
5714	2
5715	1
5716	4
5717	3
5718	1
5719	3
5720	2
5721	3
5722	3
5723	1
5724	1
5725	3
5726	1
5727	4
5728	4
5729	2
5730	2
5731	4
5732	1
5733	2
5734	4
5735	4
5736	3
5737	3
5738	3
5739	2
5740	2
5741	1
5742	4
5743	1
5744	3
5745	3
5746	3
5747	4
5748	2
5749	3
5750	4
5751	1
5752	2
5753	1
5754	1
5755	4
5756	1
5757	3
5758	1
5759	4
5760	4
5761	2
5762	4
5763	3
5764	3
5765	2
5766	4
5767	3
5768	1
5769	3
5770	3
5771	4
5772	2
5773	2
5774	2
5775	4
5776	1
5777	4
5778	1
5779	3
5780	2
5781	1
5782	1
5783	4
5784	4
5785	1
5786	1
5787	3
5788	2
5789	3
5790	2
5791	4
5792	2
5793	1
5794	2
5795	2
5796	3
5797	4
5798	3
5799	4
5800	2
5801	3
5802	1
5803	3
5804	1
5805	1
5806	2
5807	2
5808	3
5809	3
5810	2
5811	2
5812	4
5813	3
5814	1
5815	1
5816	1
5817	2
5818	4
5819	1
5820	1
5821	4
5822	1
5823	3
5824	2
5825	4
5826	4
5827	1
5828	1
5829	4
5830	2
5831	1
5832	3
5833	1
5834	4
5835	3
5836	2
5837	1
5838	2
5839	2
5840	2
5841	3
5842	1
5843	3
5844	4
5845	1
5846	1
5847	4
5848	3
5849	4
5850	1
5851	2
5852	2
5853	3
5854	2
5855	2
5856	2
5857	1
5858	4
5859	2
5860	4
5861	1
5862	2
5863	4
5864	4
5865	1
5866	4
5867	1
5868	1
5869	4
5870	4
5871	3
5872	1
5873	1
5874	1
5875	2
5876	3
5877	1
5878	2
5879	2
5880	3
5881	2
5882	3
5883	4
5884	4
5885	3
5886	1
5887	1
5888	2
5889	4
5890	3
5891	2
5892	4
5893	4
5894	3
5895	3
5896	3
5897	1
5898	4
5899	2
5900	4
5901	4
5902	2
5903	1
5904	4
5905	1
5906	3
5907	3
5908	1
5909	3
5910	1
5911	4
5912	1
5913	2
5914	3
5915	2
5916	3
5917	1
5918	1
5919	3
5920	4
5921	3
5922	4
5923	4
5924	3
5925	3
5926	4
5927	1
5928	4
5929	3
5930	2
5931	3
5932	2
5933	2
5934	3
5935	3
5936	1
5937	2
5938	1
5939	2
5940	1
5941	4
5942	1
5943	2
5944	4
5945	3
5946	1
5947	2
5948	2
5949	4
5950	2
5951	1
5952	1
5953	3
5954	4
5955	1
5956	2
5957	3
5958	4
5959	2
5960	4
5961	3
5962	3
5963	1
5964	2
5965	1
5966	2
5967	1
5968	4
5969	2
5970	4
5971	2
5972	3
5973	3
5974	1
5975	3
5976	2
5977	1
5978	4
5979	1
5980	3
5981	2
5982	2
5983	4
5984	2
5985	4
5986	1
5987	2
5988	1
5989	2
5990	4
5991	2
5992	2
5993	2
5994	3
5995	3
5996	4
5997	4
5998	2
5999	2
6000	1
6001	1
6002	3
6003	1
6004	2
6005	2
6006	2
6007	3
6008	4
6009	3
6010	3
6011	4
6012	2
6013	3
6014	3
6015	2
6016	4
6017	1
6018	3
6019	3
6020	1
6021	3
6022	3
6023	3
6024	2
6025	3
6026	2
6027	1
6028	1
6029	3
6030	3
6031	3
6032	1
6033	4
6034	4
6035	3
6036	4
6037	1
6038	2
6039	2
6040	2
6041	1
6042	1
6043	2
6044	3
6045	2
6046	4
6047	3
6048	1
6049	1
6050	3
6051	1
6052	3
6053	4
6054	1
6055	2
6056	4
6057	3
6058	3
6059	3
6060	1
6061	3
6062	2
6063	3
6064	1
6065	1
6066	1
6067	3
6068	2
6069	3
6070	1
6071	1
6072	1
6073	1
6074	2
6075	3
6076	2
6077	4
6078	2
6079	3
6080	2
6081	2
6082	3
6083	1
6084	2
6085	3
6086	2
6087	3
6088	1
6089	1
6090	2
6091	4
6092	2
6093	1
6094	2
6095	1
6096	2
6097	2
6098	4
6099	1
6100	2
6101	3
6102	3
6103	3
6104	2
6105	4
6106	4
6107	4
6108	2
6109	2
6110	2
6111	1
6112	3
6113	1
6114	4
6115	2
6116	3
6117	4
6118	2
6119	2
6120	1
6121	1
6122	1
6123	1
6124	1
6125	2
6126	3
6127	3
6128	1
6129	4
6130	2
6131	3
6132	4
6133	3
6134	4
6135	3
6136	1
6137	4
6138	4
6139	3
6140	1
6141	2
6142	4
6143	1
6144	1
6145	1
6146	3
6147	1
6148	3
6149	1
6150	3
6151	1
6152	4
6153	3
6154	4
6155	4
6156	2
6157	4
6158	2
6159	2
6160	3
6161	2
6162	1
6163	1
6164	3
6165	3
6166	2
6167	4
6168	2
6169	1
6170	1
6171	3
6172	3
6173	3
6174	3
6175	3
6176	3
6177	4
6178	4
6179	1
6180	1
6181	4
6182	2
6183	1
6184	1
6185	3
6186	3
6187	2
6188	3
6189	4
6190	2
6191	3
6192	2
6193	1
6194	2
6195	4
6196	2
6197	3
6198	3
6199	4
6200	3
6201	1
6202	2
6203	4
6204	2
6205	4
6206	4
6207	1
6208	2
6209	4
6210	2
6211	3
6212	2
6213	1
6214	2
6215	2
6216	4
6217	3
6218	2
6219	4
6220	3
6221	3
6222	4
6223	1
6224	3
6225	3
6226	2
6227	3
6228	1
6229	3
6230	4
6231	4
6232	1
6233	4
6234	3
6235	1
6236	3
6237	4
6238	2
6239	3
6240	2
6241	1
6242	2
6243	2
6244	1
6245	1
6246	4
6247	3
6248	1
6249	3
6250	4
6251	4
6252	4
6253	1
6254	3
6255	2
6256	3
6257	1
6258	3
6259	3
6260	4
6261	3
6262	1
6263	3
6264	3
6265	3
6266	2
6267	3
6268	3
6269	2
6270	4
6271	4
6272	2
6273	3
6274	1
6275	1
6276	4
6277	3
6278	2
6279	4
6280	4
6281	4
6282	2
6283	4
6284	3
6285	2
6286	4
6287	2
6288	2
6289	3
6290	1
6291	1
6292	1
6293	2
6294	4
6295	3
6296	1
6297	3
6298	2
6299	1
6300	3
6301	1
6302	4
6303	3
6304	3
6305	3
6306	1
6307	3
6308	4
6309	3
6310	4
6311	2
6312	3
6313	3
6314	2
6315	1
6316	2
6317	3
6318	4
6319	1
6320	2
6321	3
6322	4
6323	1
6324	4
6325	4
6326	1
6327	3
6328	3
6329	2
6330	3
6331	1
6332	1
6333	1
6334	1
6335	4
6336	1
6337	2
6338	1
6339	4
6340	2
6341	3
6342	3
6343	3
6344	2
6345	2
6346	3
6347	2
6348	1
6349	3
6350	1
6351	3
6352	3
6353	2
6354	1
6355	1
6356	3
6357	4
6358	3
6359	4
6360	4
6361	3
6362	2
6363	4
6364	1
6365	4
6366	2
6367	1
6368	2
6369	4
6370	3
6371	1
6372	4
6373	3
6374	2
6375	3
6376	3
6377	3
6378	1
6379	1
6380	2
6381	4
6382	2
6383	3
6384	2
6385	2
6386	2
6387	3
6388	2
6389	3
6390	3
6391	4
6392	2
6393	1
6394	4
6395	1
6396	2
6397	4
6398	3
6399	1
6400	4
6401	2
6402	4
6403	1
6404	3
6405	4
6406	4
6407	3
6408	2
6409	3
6410	2
6411	3
6412	2
6413	3
6414	3
6415	4
6416	2
6417	3
6418	1
6419	1
6420	3
6421	3
6422	4
6423	2
6424	1
6425	1
6426	3
6427	4
6428	2
6429	4
6430	1
6431	2
6432	3
6433	1
6434	2
6435	3
6436	3
6437	2
6438	2
6439	2
6440	3
6441	1
6442	1
6443	1
6444	1
6445	1
6446	4
6447	1
6448	1
6449	1
6450	3
6451	3
6452	2
6453	3
6454	1
6455	2
6456	2
6457	2
6458	3
6459	1
6460	4
6461	3
6462	1
6463	1
6464	3
6465	3
6466	1
6467	2
6468	1
6469	1
6470	2
6471	1
6472	2
6473	1
6474	4
6475	2
6476	2
6477	2
6478	4
6479	2
6480	4
6481	2
6482	2
6483	2
6484	2
6485	3
6486	2
6487	1
6488	4
6489	1
6490	2
6491	4
6492	2
6493	3
6494	3
6495	2
6496	4
6497	2
6498	4
6499	2
6500	3
6501	1
6502	3
6503	3
6504	4
6505	3
6506	2
6507	3
6508	1
6509	2
6510	3
6511	4
6512	1
6513	4
6514	2
6515	2
6516	4
6517	3
6518	1
6519	2
6520	1
6521	1
6522	4
6523	3
6524	4
6525	3
6526	1
6527	1
6528	2
6529	4
6530	1
6531	2
6532	1
6533	4
6534	1
6535	1
6536	1
6537	4
6538	4
6539	1
6540	3
6541	1
6542	3
6543	4
6544	3
6545	4
6546	1
6547	4
6548	2
6549	3
6550	3
6551	4
6552	2
6553	3
6554	2
6555	1
6556	4
6557	3
6558	1
6559	3
6560	4
6561	2
6562	2
6563	2
6564	4
6565	4
6566	1
6567	2
6568	3
6569	4
6570	1
6571	1
6572	2
6573	4
6574	4
6575	1
6576	1
6577	1
6578	1
6579	4
6580	3
6581	4
6582	2
6583	2
6584	1
6585	3
6586	4
6587	1
6588	3
6589	3
6590	3
6591	4
6592	1
6593	3
6594	3
6595	1
6596	1
6597	4
6598	1
6599	4
6600	4
6601	4
6602	2
6603	1
6604	3
6605	2
6606	2
6607	4
6608	2
6609	2
6610	2
6611	1
6612	2
6613	1
6614	2
6615	4
6616	3
6617	1
6618	3
6619	3
6620	4
6621	4
6622	4
6623	2
6624	3
6625	1
6626	4
6627	2
6628	3
6629	4
6630	3
6631	4
6632	4
6633	1
6634	3
6635	2
6636	3
6637	4
6638	4
6639	1
6640	3
6641	2
6642	1
6643	2
6644	3
6645	2
6646	4
6647	4
6648	1
6649	3
6650	3
6651	3
6652	2
6653	1
6654	2
6655	4
6656	4
6657	4
6658	1
6659	3
6660	1
6661	3
6662	2
6663	1
6664	4
6665	4
6666	1
6667	1
6668	2
6669	2
6670	1
6671	4
6672	4
6673	4
6674	4
6675	1
6676	3
6677	2
6678	4
6679	4
6680	3
6681	4
6682	2
6683	1
6684	4
6685	1
6686	2
6687	4
6688	3
6689	4
6690	3
6691	3
6692	4
6693	2
6694	4
6695	3
6696	2
6697	3
6698	2
6699	3
6700	3
6701	3
6702	2
6703	1
6704	4
6705	4
6706	3
6707	3
6708	4
6709	4
6710	2
6711	2
6712	1
6713	3
6714	1
6715	1
6716	2
6717	4
6718	4
6719	1
6720	3
6721	4
6722	3
6723	3
6724	3
6725	2
6726	4
6727	1
6728	1
6729	2
6730	1
6731	1
6732	4
6733	1
6734	4
6735	4
6736	2
6737	3
6738	2
6739	1
6740	3
6741	2
6742	1
6743	3
6744	2
6745	4
6746	4
6747	2
6748	4
6749	2
6750	1
6751	3
6752	2
6753	3
6754	4
6755	4
6756	2
6757	1
6758	2
6759	2
6760	3
6761	3
6762	4
6763	4
6764	3
6765	3
6766	4
6767	3
6768	4
6769	4
6770	4
6771	3
6772	1
6773	3
6774	2
6775	2
6776	2
6777	4
6778	3
6779	4
6780	4
6781	3
6782	2
6783	4
6784	1
6785	2
6786	1
6787	3
6788	4
6789	3
6790	4
6791	1
6792	2
6793	1
6794	4
6795	4
6796	2
6797	4
6798	1
6799	4
6800	2
6801	1
6802	2
6803	3
6804	2
6805	3
6806	3
6807	1
6808	1
6809	1
6810	4
6811	2
6812	1
6813	3
6814	2
6815	4
6816	4
6817	4
6818	2
6819	1
6820	1
6821	2
6822	3
6823	1
6824	2
6825	4
6826	3
6827	4
6828	1
6829	3
6830	2
6831	4
6832	4
6833	2
6834	4
6835	4
6836	2
6837	2
6838	2
6839	4
6840	1
6841	3
6842	3
6843	3
6844	2
6845	3
6846	4
6847	2
6848	3
6849	1
6850	2
6851	2
6852	3
6853	2
6854	4
6855	1
6856	3
6857	2
6858	3
6859	4
6860	2
6861	3
6862	4
6863	2
6864	3
6865	2
6866	3
6867	1
6868	2
6869	4
6870	3
6871	3
6872	2
6873	3
6874	1
6875	2
6876	4
6877	4
6878	1
6879	1
6880	4
6881	4
6882	4
6883	1
6884	2
6885	1
6886	1
6887	4
6888	2
6889	3
6890	2
6891	2
6892	1
6893	1
6894	4
6895	4
6896	2
6897	4
6898	2
6899	4
6900	3
6901	3
6902	3
6903	2
6904	1
6905	1
6906	2
6907	4
6908	4
6909	2
6910	1
6911	2
6912	1
6913	2
6914	2
6915	2
6916	1
6917	3
6918	2
6919	1
6920	4
6921	4
6922	4
6923	1
6924	4
6925	3
6926	4
6927	4
6928	3
6929	3
6930	2
6931	2
6932	2
6933	2
6934	4
6935	3
6936	1
6937	4
6938	3
6939	2
6940	1
6941	4
6942	3
6943	1
6944	4
6945	3
6946	4
6947	4
6948	1
6949	2
6950	1
6951	2
6952	2
6953	3
6954	3
6955	3
6956	4
6957	4
6958	4
6959	2
6960	4
6961	2
6962	3
6963	4
6964	4
6965	4
6966	4
6967	1
6968	1
6969	2
6970	4
6971	1
6972	3
6973	4
6974	1
6975	2
6976	4
6977	3
6978	3
6979	1
6980	4
6981	1
6982	3
6983	3
6984	4
6985	3
6986	4
6987	2
6988	4
6989	2
6990	2
6991	2
6992	1
6993	1
6994	3
6995	1
6996	2
6997	1
6998	2
6999	3
7000	3
7001	1
7002	2
7003	2
7004	1
7005	1
7006	2
7007	4
7008	1
7009	2
7010	1
7011	4
7012	1
7013	1
7014	3
7015	1
7016	1
7017	4
7018	4
7019	4
7020	3
7021	4
7022	4
7023	1
7024	3
7025	1
7026	3
7027	3
7028	3
7029	4
7030	4
7031	2
7032	2
7033	1
7034	1
7035	1
7036	3
7037	2
7038	4
7039	4
7040	4
7041	4
7042	1
7043	1
7044	4
7045	3
7046	3
7047	2
7048	3
7049	4
7050	3
7051	3
7052	4
7053	3
7054	4
7055	3
7056	3
7057	3
7058	3
7059	3
7060	4
7061	3
7062	3
7063	1
7064	2
7065	4
7066	1
7067	2
7068	3
7069	3
7070	3
7071	2
7072	3
7073	1
7074	4
7075	2
7076	2
7077	2
7078	4
7079	3
7080	3
7081	2
7082	1
7083	3
7084	4
7085	3
7086	1
7087	2
7088	2
7089	4
7090	1
7091	3
7092	1
7093	3
7094	2
7095	1
7096	4
7097	2
7098	4
7099	2
7100	3
7101	2
7102	2
7103	4
7104	3
7105	1
7106	1
7107	4
7108	4
7109	1
7110	2
7111	1
7112	4
7113	2
7114	4
7115	2
7116	2
7117	3
7118	4
7119	1
7120	3
7121	1
7122	2
7123	3
7124	1
7125	1
7126	4
7127	4
7128	2
7129	2
7130	4
7131	2
7132	1
7133	4
7134	1
7135	1
7136	4
7137	2
7138	4
7139	2
7140	1
7141	1
7142	3
7143	1
7144	1
7145	1
7146	1
7147	1
7148	2
7149	4
7150	4
7151	4
7152	1
7153	1
7154	3
7155	2
7156	2
7157	2
7158	2
7159	4
7160	3
7161	2
7162	4
7163	3
7164	3
7165	2
7166	4
7167	3
7168	2
7169	4
7170	1
7171	1
7172	1
7173	4
7174	2
7175	4
7176	3
7177	2
7178	3
7179	3
7180	4
7181	1
7182	4
7183	1
7184	1
7185	4
7186	1
7187	3
7188	3
7189	1
7190	3
7191	3
7192	3
7193	3
7194	3
7195	1
7196	1
7197	4
7198	1
7199	4
7200	4
7201	1
7202	2
7203	4
7204	3
7205	2
7206	3
7207	4
7208	4
7209	1
7210	1
7211	4
7212	1
7213	3
7214	4
7215	3
7216	1
7217	1
7218	3
7219	4
7220	1
7221	1
7222	2
7223	4
7224	2
7225	2
7226	3
7227	1
7228	2
7229	2
7230	3
7231	3
7232	2
7233	1
7234	2
7235	1
7236	3
7237	2
7238	1
7239	2
7240	3
7241	1
7242	1
7243	4
7244	2
7245	1
7246	2
7247	3
7248	4
7249	2
7250	3
7251	4
7252	4
7253	3
7254	3
7255	2
7256	3
7257	2
7258	1
7259	3
7260	2
7261	1
7262	3
7263	4
7264	2
7265	3
7266	1
7267	1
7268	3
7269	2
7270	3
7271	4
7272	3
7273	3
7274	4
7275	1
7276	2
7277	1
7278	3
7279	3
7280	4
7281	3
7282	2
7283	1
7284	4
7285	3
7286	4
7287	4
7288	1
7289	4
7290	1
7291	4
7292	1
7293	3
7294	2
7295	4
7296	1
7297	3
7298	3
7299	3
7300	4
7301	2
7302	3
7303	4
7304	2
7305	1
7306	1
7307	2
7308	3
7309	1
7310	3
7311	3
7312	2
7313	1
7314	4
7315	4
7316	3
7317	2
7318	3
7319	1
7320	4
7321	2
7322	3
7323	4
7324	3
7325	2
7326	2
7327	4
7328	3
7329	4
7330	4
7331	3
7332	2
7333	3
7334	3
7335	3
7336	2
7337	1
7338	1
7339	2
7340	1
7341	1
7342	3
7343	4
7344	1
7345	1
7346	1
7347	1
7348	3
7349	1
7350	1
7351	2
7352	1
7353	3
7354	2
7355	1
7356	4
7357	1
7358	1
7359	2
7360	1
7361	1
7362	3
7363	2
7364	2
7365	4
7366	4
7367	4
7368	4
7369	2
7370	4
7371	2
7372	1
7373	3
7374	1
7375	4
7376	4
7377	4
7378	3
7379	4
7380	3
7381	4
7382	3
7383	1
7384	1
7385	2
7386	3
7387	2
7388	3
7389	1
7390	2
7391	3
7392	2
7393	3
7394	1
7395	3
7396	4
7397	1
7398	1
7399	1
7400	3
7401	1
7402	3
7403	1
7404	1
7405	4
7406	4
7407	1
7408	2
7409	1
7410	4
7411	1
7412	3
7413	3
7414	2
7415	3
7416	2
7417	1
7418	4
7419	4
7420	1
7421	1
7422	1
7423	1
7424	2
7425	2
7426	1
7427	2
7428	1
7429	4
7430	1
7431	3
7432	2
7433	3
7434	2
7435	4
7436	2
7437	4
7438	3
7439	2
7440	2
7441	2
7442	3
7443	1
7444	1
7445	4
7446	1
7447	1
7448	2
7449	4
7450	1
7451	1
7452	4
7453	3
7454	3
7455	4
7456	1
7457	4
7458	1
7459	3
7460	1
7461	2
7462	2
7463	4
7464	3
7465	1
7466	2
7467	2
7468	1
7469	2
7470	4
7471	1
7472	3
7473	2
7474	3
7475	3
7476	4
7477	4
7478	1
7479	3
7480	2
7481	2
7482	4
7483	2
7484	4
7485	4
7486	1
7487	3
7488	2
7489	4
7490	1
7491	1
7492	2
7493	1
7494	3
7495	2
7496	2
7497	1
7498	3
7499	4
7500	4
7501	4
7502	4
7503	4
7504	3
7505	1
7506	1
7507	2
7508	4
7509	2
7510	3
7511	1
7512	1
7513	4
7514	4
7515	2
7516	1
7517	4
7518	3
7519	4
7520	2
7521	2
7522	2
7523	3
7524	4
7525	3
7526	4
7527	2
7528	2
7529	2
7530	4
7531	2
7532	2
7533	4
7534	4
7535	4
7536	1
7537	4
7538	4
7539	3
7540	1
7541	4
7542	3
7543	1
7544	3
7545	1
7546	1
7547	3
7548	1
7549	1
7550	3
7551	4
7552	3
7553	1
7554	3
7555	3
7556	3
7557	3
7558	2
7559	1
7560	2
7561	2
7562	1
7563	4
7564	4
7565	2
7566	4
7567	3
7568	1
7569	1
7570	1
7571	1
7572	2
7573	1
7574	4
7575	2
7576	2
7577	2
7578	1
7579	4
7580	3
7581	2
7582	4
7583	3
7584	2
7585	2
7586	2
7587	2
7588	1
7589	4
7590	4
7591	3
7592	2
7593	2
7594	1
7595	1
7596	1
7597	3
7598	4
7599	3
7600	2
7601	1
7602	3
7603	3
7604	1
7605	3
7606	2
7607	2
7608	4
7609	1
7610	3
7611	1
7612	2
7613	4
7614	4
7615	3
7616	4
7617	2
7618	1
7619	4
7620	4
7621	2
7622	3
7623	3
7624	3
7625	4
7626	2
7627	2
7628	4
7629	1
7630	1
7631	4
7632	4
7633	4
7634	3
7635	1
7636	4
7637	2
7638	1
7639	4
7640	1
7641	2
7642	4
7643	2
7644	3
7645	3
7646	1
7647	4
7648	4
7649	2
7650	1
7651	3
7652	2
7653	2
7654	2
7655	2
7656	2
7657	1
7658	1
7659	2
7660	3
7661	3
7662	4
7663	4
7664	3
7665	4
7666	3
7667	1
7668	1
7669	4
7670	3
7671	1
7672	2
7673	1
7674	3
7675	4
7676	4
7677	4
7678	1
7679	3
7680	3
7681	2
7682	3
7683	1
7684	2
7685	4
7686	1
7687	1
7688	4
7689	3
7690	1
7691	1
7692	3
7693	4
7694	4
7695	4
7696	2
7697	1
7698	4
7699	3
7700	1
7701	1
7702	1
7703	2
7704	3
7705	4
7706	1
7707	3
7708	4
7709	3
7710	2
7711	3
7712	2
7713	4
7714	1
7715	1
7716	3
7717	1
7718	3
7719	2
7720	4
7721	3
7722	4
7723	1
7724	3
7725	4
7726	1
7727	4
7728	3
7729	2
7730	4
7731	2
7732	1
7733	2
7734	3
7735	1
7736	3
7737	3
7738	1
7739	4
7740	4
7741	4
7742	1
7743	2
7744	4
7745	3
7746	1
7747	4
7748	1
7749	3
7750	4
7751	1
7752	2
7753	3
7754	1
7755	4
7756	1
7757	2
7758	3
7759	4
7760	2
7761	2
7762	1
7763	4
7764	2
7765	2
7766	3
7767	2
7768	3
7769	4
7770	3
7771	3
7772	3
7773	1
7774	1
7775	2
7776	4
7777	3
7778	2
7779	2
7780	3
7781	1
7782	1
7783	4
7784	3
7785	3
7786	3
7787	4
7788	2
7789	4
7790	3
7791	3
7792	1
7793	3
7794	2
7795	2
7796	2
7797	1
7798	4
7799	2
7800	2
7801	1
7802	2
7803	1
7804	1
7805	1
7806	4
7807	4
7808	1
7809	4
7810	1
7811	1
7812	3
7813	4
7814	3
7815	4
7816	1
7817	4
7818	1
7819	2
7820	2
7821	1
7822	1
7823	4
7824	4
7825	2
7826	4
7827	4
7828	2
7829	1
7830	2
7831	2
7832	3
7833	3
7834	1
7835	4
7836	3
7837	2
7838	2
7839	1
7840	4
7841	1
7842	4
7843	4
7844	1
7845	1
7846	4
7847	4
7848	3
7849	2
7850	4
7851	2
7852	2
7853	4
7854	4
7855	2
7856	2
7857	3
7858	1
7859	3
7860	1
7861	2
7862	2
7863	4
7864	2
7865	1
7866	3
7867	2
7868	2
7869	4
7870	1
7871	2
7872	4
7873	2
7874	4
7875	2
7876	2
7877	3
7878	4
7879	2
7880	1
7881	2
7882	1
7883	2
7884	1
7885	1
7886	2
7887	1
7888	2
7889	3
7890	4
7891	1
7892	4
7893	3
7894	2
7895	3
7896	1
7897	3
7898	3
7899	1
7900	2
7901	3
7902	1
7903	4
7904	2
7905	2
7906	3
7907	2
7908	2
7909	4
7910	4
7911	4
7912	3
7913	3
7914	3
7915	1
7916	3
7917	3
7918	2
7919	4
7920	4
7921	4
7922	4
7923	4
7924	3
7925	4
7926	3
7927	3
7928	2
7929	2
7930	1
7931	4
7932	4
7933	2
7934	2
7935	2
7936	2
7937	4
7938	4
7939	2
7940	1
7941	4
7942	2
7943	1
7944	2
7945	3
7946	3
7947	4
7948	2
7949	4
7950	4
7951	1
7952	4
7953	2
7954	3
7955	1
7956	1
7957	4
7958	2
7959	4
7960	4
7961	2
7962	3
7963	3
7964	1
7965	4
7966	2
7967	2
7968	1
7969	4
7970	2
7971	1
7972	4
7973	4
7974	4
7975	1
7976	4
7977	2
7978	4
7979	4
7980	4
7981	4
7982	1
7983	1
7984	2
7985	3
7986	3
7987	4
7988	1
7989	2
7990	3
7991	1
7992	2
7993	4
7994	1
7995	3
7996	1
7997	2
7998	1
7999	2
8000	2
8001	3
8002	4
8003	2
8004	1
8005	4
8006	2
8007	2
8008	3
8009	1
8010	1
8011	1
8012	2
8013	2
8014	1
8015	2
8016	1
8017	1
8018	3
8019	1
8020	3
8021	3
8022	2
8023	4
8024	2
8025	3
8026	1
8027	1
8028	1
8029	2
8030	3
8031	4
8032	2
8033	1
8034	1
8035	2
8036	3
8037	3
8038	2
8039	4
8040	4
8041	2
8042	2
8043	1
8044	1
8045	3
8046	3
8047	3
8048	3
8049	1
8050	1
8051	1
8052	1
8053	4
8054	2
8055	2
8056	1
8057	3
8058	4
8059	1
8060	1
8061	2
8062	4
8063	2
8064	1
8065	2
8066	1
8067	2
8068	2
8069	2
8070	3
8071	2
8072	3
8073	3
8074	2
8075	2
8076	4
8077	2
8078	2
8079	2
8080	3
8081	2
8082	2
8083	2
8084	4
8085	3
8086	3
8087	4
8088	2
8089	1
8090	2
8091	4
8092	3
8093	2
8094	3
8095	4
8096	3
8097	4
8098	3
8099	2
8100	1
8101	1
8102	1
8103	1
8104	3
8105	1
8106	4
8107	4
8108	3
8109	4
8110	4
8111	1
8112	3
8113	1
8114	1
8115	1
8116	1
8117	2
8118	4
8119	1
8120	2
8121	3
8122	3
8123	4
8124	1
8125	3
8126	3
8127	3
8128	2
8129	2
8130	3
8131	4
8132	2
8133	1
8134	2
8135	2
8136	2
8137	3
8138	4
8139	1
8140	2
8141	3
8142	1
8143	3
8144	4
8145	3
8146	2
8147	3
8148	3
8149	3
8150	2
8151	3
8152	2
8153	1
8154	4
8155	3
8156	3
8157	4
8158	1
8159	3
8160	4
8161	2
8162	1
8163	2
8164	2
8165	2
8166	4
8167	3
8168	2
8169	4
8170	2
8171	2
8172	2
8173	3
8174	1
8175	4
8176	1
8177	1
8178	4
8179	4
8180	3
8181	1
8182	4
8183	1
8184	3
8185	3
8186	1
8187	2
8188	2
8189	3
8190	2
8191	4
8192	4
8193	3
8194	3
8195	1
8196	4
8197	1
8198	1
8199	4
8200	1
8201	2
8202	4
8203	2
8204	3
8205	1
8206	4
8207	3
8208	4
8209	4
8210	4
8211	4
8212	2
8213	2
8214	3
8215	3
8216	4
8217	3
8218	2
8219	1
8220	1
8221	3
8222	4
8223	4
8224	3
8225	2
8226	2
8227	2
8228	4
8229	1
8230	4
8231	1
8232	1
8233	1
8234	4
8235	2
8236	3
8237	4
8238	3
8239	3
8240	4
8241	2
8242	4
8243	2
8244	4
8245	4
8246	1
8247	1
8248	3
8249	3
8250	3
8251	4
8252	4
8253	2
8254	3
8255	4
8256	1
8257	2
8258	4
8259	3
8260	2
8261	3
8262	2
8263	3
8264	4
8265	4
8266	4
8267	4
8268	4
8269	4
8270	1
8271	1
8272	3
8273	4
8274	2
8275	1
8276	1
8277	4
8278	4
8279	3
8280	2
8281	1
8282	2
8283	2
8284	4
8285	4
8286	2
8287	2
8288	4
8289	1
8290	3
8291	3
8292	1
8293	4
8294	2
8295	2
8296	4
8297	1
8298	1
8299	2
8300	3
8301	3
8302	1
8303	1
8304	1
8305	4
8306	2
8307	4
8308	1
8309	2
8310	2
8311	4
8312	1
8313	3
8314	4
8315	3
8316	3
8317	1
8318	1
8319	4
8320	1
8321	2
8322	3
8323	1
8324	2
8325	3
8326	3
8327	2
8328	2
8329	3
8330	2
8331	3
8332	1
8333	2
8334	1
8335	3
8336	1
8337	3
8338	1
8339	3
8340	3
8341	3
8342	1
8343	4
8344	2
8345	4
8346	2
8347	3
8348	2
8349	1
8350	4
8351	1
8352	2
8353	2
8354	4
8355	1
8356	1
8357	2
8358	4
8359	3
8360	1
8361	3
8362	3
8363	4
8364	4
8365	3
8366	1
8367	1
8368	4
8369	3
8370	3
8371	3
8372	1
8373	4
8374	2
8375	4
8376	2
8377	4
8378	4
8379	2
8380	3
8381	2
8382	1
8383	4
8384	4
8385	4
8386	3
8387	2
8388	1
8389	4
8390	2
8391	3
8392	3
8393	1
8394	3
8395	2
8396	3
8397	2
8398	4
8399	4
8400	1
8401	3
8402	2
8403	4
8404	2
8405	1
8406	1
8407	1
8408	4
8409	4
8410	2
8411	3
8412	1
8413	1
8414	1
8415	1
8416	1
8417	3
8418	1
8419	3
8420	1
8421	1
8422	4
8423	4
8424	1
8425	3
8426	3
8427	2
8428	1
8429	1
8430	2
8431	2
8432	3
8433	3
8434	3
8435	2
8436	1
8437	4
8438	4
8439	1
8440	1
8441	1
8442	2
8443	4
8444	2
8445	2
8446	2
8447	1
8448	3
8449	3
8450	2
8451	3
8452	3
8453	3
8454	2
8455	2
8456	1
8457	2
8458	2
8459	4
8460	3
8461	2
8462	1
8463	4
8464	3
8465	2
8466	2
8467	4
8468	4
8469	4
8470	2
8471	1
8472	4
8473	2
8474	2
8475	2
8476	3
8477	2
8478	4
8479	2
8480	4
8481	2
8482	2
8483	3
8484	2
8485	4
8486	3
8487	3
8488	3
8489	1
8490	2
8491	3
8492	4
8493	1
8494	3
8495	2
8496	3
8497	4
8498	1
8499	1
8500	4
8501	1
8502	1
8503	1
8504	1
8505	4
8506	4
8507	1
8508	4
8509	3
8510	2
8511	2
8512	1
8513	3
8514	1
8515	4
8516	4
8517	2
8518	1
8519	3
8520	3
8521	3
8522	3
8523	3
8524	4
8525	4
8526	2
8527	1
8528	3
8529	1
8530	4
8531	3
8532	2
8533	3
8534	2
8535	1
8536	1
8537	1
8538	4
8539	3
8540	2
8541	3
8542	1
8543	2
8544	1
8545	3
8546	3
8547	2
8548	2
8549	3
8550	4
8551	4
8552	2
8553	2
8554	3
8555	2
8556	4
8557	2
8558	4
8559	2
8560	4
8561	2
8562	3
8563	2
8564	4
8565	1
8566	4
8567	1
8568	2
8569	2
8570	2
8571	1
8572	2
8573	3
8574	4
8575	4
8576	3
8577	3
8578	3
8579	3
8580	4
8581	3
8582	3
8583	1
8584	3
8585	4
8586	4
8587	1
8588	3
8589	1
8590	1
8591	4
8592	4
8593	1
8594	3
8595	1
8596	3
8597	1
8598	3
8599	3
8600	2
8601	3
8602	4
8603	3
8604	1
8605	1
8606	3
8607	2
8608	4
8609	3
8610	3
8611	4
8612	4
8613	2
8614	1
8615	1
8616	2
8617	4
8618	2
8619	1
8620	3
8621	2
8622	1
8623	2
8624	4
8625	4
8626	1
8627	4
8628	1
8629	2
8630	1
8631	4
8632	2
8633	2
8634	4
8635	4
8636	3
8637	4
8638	4
8639	4
8640	4
8641	3
8642	1
8643	2
8644	2
8645	4
8646	4
8647	4
8648	2
8649	2
8650	1
8651	3
8652	2
8653	3
8654	2
8655	2
8656	3
8657	3
8658	4
8659	4
8660	2
8661	2
8662	4
8663	4
8664	3
8665	3
8666	2
8667	1
8668	4
8669	4
8670	1
8671	1
8672	3
8673	1
8674	1
8675	4
8676	2
8677	4
8678	2
8679	2
8680	2
8681	2
8682	4
8683	2
8684	4
8685	1
8686	4
8687	3
8688	3
8689	1
8690	2
8691	1
8692	1
8693	1
8694	4
8695	3
8696	4
8697	4
8698	2
8699	3
8700	2
8701	3
8702	3
8703	4
8704	2
8705	1
8706	3
8707	3
8708	1
8709	4
8710	4
8711	1
8712	3
8713	3
8714	1
8715	4
8716	3
8717	1
8718	2
8719	2
8720	1
8721	2
8722	2
8723	3
8724	1
8725	2
8726	3
8727	3
8728	4
8729	4
8730	4
8731	3
8732	3
8733	3
8734	1
8735	3
8736	2
8737	4
8738	3
8739	2
8740	1
8741	4
8742	3
8743	2
8744	2
8745	2
8746	1
8747	3
8748	3
8749	2
8750	1
8751	3
8752	3
8753	2
8754	4
8755	3
8756	3
8757	2
8758	2
8759	2
8760	1
8761	1
8762	4
8763	4
8764	1
8765	4
8766	1
8767	3
8768	4
8769	1
8770	2
8771	2
8772	3
8773	1
8774	2
8775	4
8776	3
8777	1
8778	4
8779	4
8780	2
8781	1
8782	2
8783	1
8784	2
8785	2
8786	3
8787	2
8788	4
8789	2
8790	4
8791	1
8792	4
8793	1
8794	3
8795	2
8796	4
8797	1
8798	1
8799	2
8800	3
8801	4
8802	1
8803	4
8804	1
8805	4
8806	2
8807	3
8808	1
8809	2
8810	4
8811	4
8812	1
8813	1
8814	4
8815	4
8816	4
8817	2
8818	2
8819	4
8820	2
8821	2
8822	4
8823	4
8824	3
8825	1
8826	1
8827	2
8828	2
8829	4
8830	2
8831	3
8832	1
8833	4
8834	1
8835	4
8836	2
8837	3
8838	4
8839	1
8840	1
8841	4
8842	2
8843	4
8844	2
8845	3
8846	4
8847	4
8848	4
8849	1
8850	3
8851	1
8852	1
8853	1
8854	3
8855	1
8856	2
8857	1
8858	2
8859	4
8860	1
8861	1
8862	1
8863	2
8864	4
8865	3
8866	3
8867	3
8868	4
8869	4
8870	2
8871	2
8872	2
8873	4
8874	3
8875	4
8876	4
8877	1
8878	2
8879	3
8880	3
8881	4
8882	2
8883	2
8884	3
8885	2
8886	3
8887	1
8888	3
8889	1
8890	3
8891	2
8892	3
8893	1
8894	1
8895	1
8896	2
8897	2
8898	1
8899	1
8900	1
8901	2
8902	2
8903	4
8904	1
8905	1
8906	2
8907	2
8908	3
8909	1
8910	1
8911	1
8912	3
8913	3
8914	3
8915	1
8916	1
8917	2
8918	4
8919	1
8920	2
8921	1
8922	4
8923	4
8924	4
8925	3
8926	3
8927	1
8928	2
8929	3
8930	4
8931	3
8932	3
8933	3
8934	4
8935	2
8936	2
8937	4
8938	4
8939	1
8940	3
8941	1
8942	2
8943	4
8944	4
8945	4
8946	2
8947	2
8948	2
8949	4
8950	4
8951	2
8952	1
8953	1
8954	4
8955	2
8956	3
8957	4
8958	1
8959	3
8960	3
8961	1
8962	4
8963	3
8964	2
8965	1
8966	1
8967	3
8968	3
8969	4
8970	1
8971	4
8972	1
8973	1
8974	2
8975	4
8976	2
8977	3
8978	1
8979	2
8980	4
8981	2
8982	1
8983	3
8984	4
8985	2
8986	1
8987	4
8988	2
8989	3
8990	1
8991	3
8992	1
8993	1
8994	2
8995	3
8996	3
8997	3
8998	1
8999	3
9000	2
9001	1
9002	4
9003	1
9004	4
9005	4
9006	2
9007	1
9008	1
9009	3
9010	2
9011	2
9012	3
9013	1
9014	3
9015	3
9016	3
9017	1
9018	3
9019	1
9020	2
9021	1
9022	4
9023	1
9024	1
9025	1
9026	2
9027	2
9028	3
9029	4
9030	1
9031	3
9032	2
9033	2
9034	4
9035	3
9036	1
9037	2
9038	1
9039	3
9040	4
9041	1
9042	2
9043	2
9044	3
9045	2
9046	1
9047	1
9048	4
9049	3
9050	2
9051	1
9052	4
9053	4
9054	3
9055	4
9056	2
9057	3
9058	3
9059	1
9060	2
9061	4
9062	4
9063	3
9064	2
9065	3
9066	2
9067	3
9068	4
9069	3
9070	1
9071	4
9072	3
9073	4
9074	2
9075	2
9076	2
9077	2
9078	2
9079	1
9080	1
9081	4
9082	2
9083	3
9084	2
9085	3
9086	2
9087	2
9088	1
9089	4
9090	2
9091	3
9092	4
9093	2
9094	4
9095	2
9096	4
9097	1
9098	4
9099	3
9100	2
9101	4
9102	4
9103	4
9104	3
9105	3
9106	4
9107	3
9108	4
9109	2
9110	2
9111	1
9112	2
9113	4
9114	1
9115	1
9116	3
9117	1
9118	4
9119	2
9120	1
9121	3
9122	4
9123	2
9124	1
9125	4
9126	2
9127	2
9128	1
9129	4
9130	3
9131	4
9132	2
9133	4
9134	3
9135	3
9136	1
9137	4
9138	1
9139	2
9140	1
9141	4
9142	4
9143	2
9144	3
9145	1
9146	1
9147	1
9148	1
9149	2
9150	4
9151	1
9152	3
9153	1
9154	2
9155	3
9156	3
9157	4
9158	2
9159	2
9160	1
9161	3
9162	2
9163	4
9164	4
9165	4
9166	1
9167	3
9168	3
9169	1
9170	3
9171	2
9172	3
9173	1
9174	4
9175	4
9176	2
9177	4
9178	2
9179	3
9180	1
9181	4
9182	1
9183	1
9184	2
9185	1
9186	4
9187	1
9188	1
9189	4
9190	4
9191	3
9192	2
9193	2
9194	2
9195	4
9196	1
9197	2
9198	1
9199	2
9200	3
9201	2
9202	3
9203	4
9204	3
9205	1
9206	1
9207	3
9208	4
9209	3
9210	2
9211	4
9212	1
9213	3
9214	2
9215	1
9216	4
9217	3
9218	3
9219	2
9220	4
9221	4
9222	1
9223	2
9224	3
9225	3
9226	1
9227	4
9228	2
9229	4
9230	4
9231	1
9232	1
9233	3
9234	4
9235	1
9236	1
9237	4
9238	4
9239	2
9240	1
9241	3
9242	3
9243	1
9244	2
9245	2
9246	1
9247	1
9248	2
9249	4
9250	2
9251	1
9252	4
9253	4
9254	3
9255	2
9256	4
9257	3
9258	4
9259	2
9260	4
9261	3
9262	3
9263	3
9264	3
9265	4
9266	4
9267	4
9268	2
9269	4
9270	4
9271	3
9272	3
9273	3
9274	3
9275	4
9276	2
9277	4
9278	2
9279	3
9280	1
9281	1
9282	3
9283	3
9284	1
9285	1
9286	1
9287	4
9288	3
9289	2
9290	4
9291	3
9292	2
9293	3
9294	4
9295	3
9296	3
9297	2
9298	2
9299	1
9300	3
9301	2
9302	2
9303	4
9304	3
9305	1
9306	3
9307	1
9308	3
9309	1
9310	4
9311	2
9312	1
9313	3
9314	3
9315	3
9316	1
9317	4
9318	2
9319	1
9320	3
9321	4
9322	3
9323	4
9324	4
9325	4
9326	3
9327	4
9328	4
9329	4
9330	1
9331	4
9332	2
9333	1
9334	4
9335	3
9336	4
9337	4
9338	2
9339	3
9340	1
9341	3
9342	2
9343	2
9344	1
9345	3
9346	1
9347	1
9348	1
9349	4
9350	1
9351	1
9352	3
9353	4
9354	3
9355	4
9356	2
9357	2
9358	4
9359	2
9360	4
9361	2
9362	4
9363	4
9364	1
9365	3
9366	3
9367	3
9368	4
9369	1
9370	3
9371	3
9372	4
9373	1
9374	4
9375	1
9376	1
9377	3
9378	3
9379	4
9380	1
9381	2
9382	1
9383	1
9384	4
9385	4
9386	2
9387	2
9388	1
9389	2
9390	1
9391	2
9392	2
9393	3
9394	2
9395	4
9396	3
9397	2
9398	3
9399	3
9400	4
9401	4
9402	3
9403	3
9404	3
9405	4
9406	1
9407	1
9408	2
9409	3
9410	3
9411	1
9412	4
9413	1
9414	4
9415	4
9416	3
9417	4
9418	2
9419	3
9420	2
9421	2
9422	2
9423	1
9424	3
9425	2
9426	4
9427	1
9428	4
9429	4
9430	1
9431	1
9432	1
9433	1
9434	1
9435	3
9436	2
9437	4
9438	2
9439	3
9440	1
9441	3
9442	3
9443	2
9444	2
9445	2
9446	2
9447	4
9448	3
9449	2
9450	2
9451	3
9452	4
9453	4
9454	2
9455	4
9456	3
9457	4
9458	1
9459	3
9460	4
9461	2
9462	4
9463	2
9464	2
9465	3
9466	1
9467	4
9468	4
9469	3
9470	2
9471	4
9472	2
9473	3
9474	1
9475	2
9476	4
9477	1
9478	2
9479	2
9480	3
9481	1
9482	3
9483	3
9484	3
9485	2
9486	3
9487	3
9488	4
9489	4
9490	1
9491	3
9492	1
9493	2
9494	1
9495	2
9496	1
9497	4
9498	2
9499	2
9500	2
9501	2
9502	4
9503	3
9504	1
9505	3
9506	3
9507	4
9508	1
9509	2
9510	4
9511	2
9512	2
9513	1
9514	3
9515	4
9516	4
9517	1
9518	1
9519	2
9520	2
9521	4
9522	1
9523	1
9524	3
9525	4
9526	3
9527	1
9528	4
9529	1
9530	1
9531	4
9532	3
9533	1
9534	2
9535	1
9536	4
9537	4
9538	2
9539	4
9540	4
9541	4
9542	3
9543	3
9544	2
9545	4
9546	2
9547	1
9548	1
9549	3
9550	1
9551	1
9552	1
9553	3
9554	3
9555	2
9556	4
9557	2
9558	1
9559	1
9560	2
9561	2
9562	2
9563	2
9564	1
9565	4
9566	1
9567	4
9568	4
9569	1
9570	4
9571	2
9572	2
9573	2
9574	1
9575	2
9576	4
9577	1
9578	3
9579	2
9580	4
9581	1
9582	1
9583	4
9584	3
9585	3
9586	2
9587	1
9588	3
9589	2
9590	4
9591	3
9592	3
9593	4
9594	3
9595	2
9596	4
9597	3
9598	4
9599	2
9600	4
9601	1
9602	1
9603	4
9604	3
9605	1
9606	1
9607	3
9608	2
9609	3
9610	4
9611	1
9612	1
9613	1
9614	1
9615	3
9616	1
9617	4
9618	4
9619	1
9620	4
9621	1
9622	1
9623	4
9624	1
9625	3
9626	3
9627	1
9628	2
9629	1
9630	2
9631	2
9632	4
9633	2
9634	3
9635	1
9636	1
9637	3
9638	4
9639	1
9640	1
9641	1
9642	2
9643	3
9644	4
9645	3
9646	2
9647	1
9648	2
9649	2
9650	3
9651	4
9652	3
9653	3
9654	2
9655	3
9656	3
9657	4
9658	1
9659	1
9660	4
9661	2
9662	3
9663	3
9664	1
9665	2
9666	2
9667	4
9668	3
9669	1
9670	2
9671	3
9672	4
9673	1
9674	4
9675	1
9676	4
9677	2
9678	2
9679	4
9680	1
9681	2
9682	2
9683	4
9684	1
9685	3
9686	3
9687	2
9688	1
9689	2
9690	3
9691	2
9692	2
9693	1
9694	3
9695	4
9696	4
9697	4
9698	1
9699	1
9700	2
9701	3
9702	2
9703	1
9704	3
9705	3
9706	1
9707	1
9708	3
9709	1
9710	3
9711	3
9712	4
9713	3
9714	2
9715	4
9716	2
9717	3
9718	3
9719	2
9720	3
9721	1
9722	4
9723	1
9724	3
9725	3
9726	3
9727	3
9728	1
9729	3
9730	1
9731	1
9732	2
9733	4
9734	1
9735	3
9736	2
9737	3
9738	3
9739	3
9740	3
9741	2
9742	1
9743	3
9744	2
9745	2
9746	4
9747	4
9748	3
9749	2
9750	4
9751	1
9752	2
9753	4
9754	1
9755	1
9756	4
9757	3
9758	4
9759	2
9760	3
9761	4
9762	3
9763	1
9764	2
9765	4
9766	4
9767	1
9768	3
9769	2
9770	4
9771	3
9772	1
9773	1
9774	4
9775	2
9776	1
9777	2
9778	2
9779	1
9780	4
9781	3
9782	2
9783	4
9784	3
9785	3
9786	1
9787	4
9788	2
9789	4
9790	2
9791	3
9792	2
9793	3
9794	1
9795	2
9796	3
9797	2
9798	1
9799	3
9800	1
9801	3
9802	1
9803	2
9804	2
9805	1
9806	1
9807	4
9808	3
9809	2
9810	3
9811	4
9812	4
9813	3
9814	4
9815	3
9816	4
9817	2
9818	3
9819	3
9820	2
9821	2
9822	2
9823	3
9824	2
9825	4
9826	2
9827	2
9828	4
9829	1
9830	2
9831	1
9832	3
9833	1
9834	2
9835	1
9836	2
9837	1
9838	3
9839	2
9840	3
9841	1
9842	2
9843	3
9844	2
9845	4
9846	2
9847	3
9848	1
9849	4
9850	4
9851	4
9852	1
9853	2
9854	3
9855	4
9856	3
9857	3
9858	1
9859	2
9860	2
9861	3
9862	3
9863	4
9864	1
9865	3
9866	2
9867	1
9868	4
9869	2
9870	3
9871	3
9872	4
9873	3
9874	2
9875	3
9876	3
9877	1
9878	3
9879	4
9880	4
9881	2
9882	4
9883	3
9884	4
9885	2
9886	4
9887	4
9888	3
9889	2
9890	2
9891	4
9892	1
9893	2
9894	3
9895	2
9896	2
9897	2
9898	2
9899	4
9900	3
9901	3
9902	2
9903	4
9904	4
9905	1
9906	2
9907	3
9908	1
9909	2
9910	4
9911	4
9912	4
9913	1
9914	2
9915	1
9916	4
9917	3
9918	1
9919	2
9920	4
9921	3
9922	1
9923	3
9924	4
9925	4
9926	1
9927	1
9928	2
9929	4
9930	4
9931	1
9932	1
9933	2
9934	3
9935	1
9936	3
9937	4
9938	3
9939	2
9940	4
9941	2
9942	1
9943	4
9944	4
9945	3
9946	2
9947	1
9948	1
9949	2
9950	2
9951	2
9952	1
9953	4
9954	3
9955	3
9956	4
9957	1
9958	3
9959	4
9960	1
9961	4
9962	3
9963	3
9964	1
9965	2
9966	1
9967	3
9968	1
9969	3
9970	2
9971	2
9972	1
9973	2
9974	2
9975	1
9976	3
9977	2
9978	1
9979	2
9980	2
9981	1
9982	4
9983	1
9984	1
9985	3
9986	1
9987	2
9988	4
9989	2
9990	4
9991	4
9992	1
9993	1
9994	2
9995	4
9996	4
9997	2
9998	3
9999	1
10000	1
