1	3
2	5
3	3
4	1
5	4
6	6
7	2
8	5
9	4
10	6
11	1
12	6
13	4
14	5
15	3
16	5
17	5
18	6
19	3
20	6
21	5
22	3
23	6
24	2
25	2
26	5
27	1
28	5
29	6
30	6
31	2
32	6
33	6
34	2
35	4
36	3
37	6
38	5
39	5
40	6
41	6
42	1
43	5
44	2
45	3
46	2
47	1
48	2
49	1
50	5
51	3
52	4
53	6
54	2
55	2
56	6
57	3
58	5
59	6
60	5
61	3
62	2
63	1
64	4
65	2
66	4
67	1
68	6
69	6
70	2
71	2
72	6
73	4
74	4
75	3
76	5
77	1
78	4
79	1
80	3
81	2
82	5
83	1
84	2
85	2
86	6
87	1
88	6
89	2
90	1
91	6
92	5
93	1
94	1
95	1
96	2
97	4
98	6
99	4
100	6
101	5
102	2
103	1
104	2
105	4
106	5
107	4
108	5
109	6
110	5
111	3
112	3
113	3
114	3
115	5
116	2
117	3
118	1
119	1
120	2
121	2
122	2
123	3
124	2
125	4
126	3
127	1
128	2
129	1
130	2
131	4
132	5
133	4
134	5
135	6
136	1
137	5
138	6
139	6
140	1
141	5
142	4
143	5
144	3
145	1
146	4
147	1
148	1
149	1
150	5
151	4
152	6
153	6
154	4
155	5
156	6
157	1
158	5
159	2
160	5
161	2
162	6
163	5
164	5
165	5
166	5
167	3
168	1
169	2
170	2
171	6
172	1
173	5
174	4
175	6
176	5
177	6
178	4
179	6
180	1
181	3
182	3
183	3
184	4
185	4
186	4
187	6
188	3
189	2
190	6
191	6
192	3
193	1
194	5
195	3
196	1
197	3
198	3
199	3
200	5
201	1
202	2
203	6
204	3
205	6
206	6
207	4
208	6
209	3
210	2
211	4
212	1
213	5
214	2
215	5
216	4
217	1
218	5
219	5
220	4
221	5
222	5
223	1
224	6
225	4
226	2
227	6
228	2
229	6
230	4
231	4
232	4
233	4
234	5
235	6
236	3
237	3
238	1
239	3
240	3
241	4
242	6
243	5
244	5
245	1
246	2
247	5
248	4
249	2
250	6
251	5
252	6
253	3
254	6
255	5
256	4
257	4
258	3
259	6
260	5
261	4
262	2
263	1
264	1
265	2
266	3
267	6
268	2
269	6
270	6
271	3
272	3
273	4
274	3
275	6
276	4
277	1
278	3
279	6
280	3
281	2
282	1
283	2
284	4
285	5
286	4
287	1
288	3
289	4
290	6
291	4
292	3
293	2
294	2
295	5
296	6
297	6
298	1
299	2
300	4
301	2
302	4
303	1
304	5
305	6
306	4
307	2
308	4
309	4
310	3
311	3
312	6
313	3
314	4
315	6
316	2
317	6
318	5
319	6
320	1
321	6
322	6
323	1
324	6
325	2
326	6
327	3
328	5
329	3
330	1
331	2
332	6
333	5
334	2
335	1
336	3
337	2
338	5
339	1
340	3
341	2
342	1
343	2
344	6
345	2
346	4
347	2
348	1
349	3
350	5
351	5
352	4
353	4
354	5
355	6
356	3
357	4
358	6
359	1
360	5
361	2
362	6
363	4
364	5
365	2
366	6
367	4
368	3
369	4
370	5
371	4
372	1
373	3
374	6
375	3
376	4
377	1
378	2
379	2
380	3
381	5
382	5
383	6
384	4
385	2
386	5
387	1
388	1
389	6
390	3
391	1
392	5
393	2
394	5
395	1
396	1
397	6
398	3
399	6
400	4
401	1
402	5
403	5
404	4
405	1
406	5
407	3
408	2
409	1
410	1
411	3
412	6
413	1
414	5
415	1
416	3
417	1
418	4
419	4
420	6
421	6
422	5
423	4
424	1
425	6
426	3
427	6
428	5
429	1
430	4
431	5
432	2
433	1
434	3
435	5
436	6
437	5
438	4
439	6
440	4
441	2
442	3
443	5
444	1
445	2
446	5
447	5
448	1
449	4
450	1
451	3
452	5
453	2
454	4
455	3
456	2
457	6
458	5
459	2
460	6
461	3
462	3
463	1
464	5
465	2
466	5
467	6
468	5
469	3
470	1
471	1
472	5
473	1
474	1
475	2
476	1
477	1
478	6
479	2
480	1
481	6
482	3
483	1
484	3
485	2
486	6
487	2
488	4
489	1
490	2
491	3
492	5
493	1
494	3
495	6
496	6
497	6
498	3
499	1
500	2
501	4
502	1
503	2
504	4
505	2
506	6
507	2
508	4
509	4
510	5
511	5
512	6
513	4
514	3
515	2
516	4
517	3
518	1
519	3
520	3
521	2
522	4
523	3
524	6
525	3
526	3
527	6
528	5
529	5
530	4
531	1
532	6
533	2
534	3
535	4
536	5
537	4
538	3
539	3
540	4
541	3
542	5
543	1
544	6
545	6
546	1
547	4
548	6
549	3
550	3
551	3
552	2
553	2
554	4
555	5
556	1
557	3
558	1
559	2
560	3
561	3
562	1
563	3
564	2
565	5
566	5
567	1
568	6
569	5
570	1
571	2
572	3
573	2
574	5
575	1
576	1
577	2
578	6
579	4
580	6
581	1
582	2
583	2
584	5
585	5
586	3
587	6
588	5
589	4
590	4
591	2
592	3
593	1
594	6
595	1
596	6
597	6
598	2
599	5
600	3
601	6
602	2
603	1
604	1
605	3
606	6
607	1
608	4
609	4
610	2
611	6
612	4
613	1
614	4
615	3
616	1
617	3
618	4
619	5
620	5
621	4
622	2
623	2
624	5
625	5
626	3
627	5
628	4
629	6
630	5
631	2
632	5
633	3
634	5
635	1
636	5
637	4
638	2
639	2
640	2
641	3
642	4
643	3
644	3
645	3
646	2
647	6
648	5
649	2
650	4
651	4
652	2
653	3
654	2
655	4
656	5
657	2
658	3
659	3
660	5
661	1
662	4
663	1
664	6
665	5
666	6
667	5
668	5
669	1
670	2
671	6
672	2
673	4
674	4
675	1
676	4
677	2
678	6
679	5
680	5
681	4
682	4
683	2
684	2
685	3
686	5
687	5
688	6
689	1
690	5
691	5
692	3
693	3
694	2
695	6
696	1
697	2
698	3
699	6
700	4
701	6
702	2
703	4
704	6
705	1
706	2
707	4
708	1
709	4
710	1
711	2
712	1
713	4
714	2
715	2
716	4
717	2
718	1
719	2
720	4
721	5
722	5
723	3
724	5
725	2
726	1
727	6
728	1
729	1
730	4
731	4
732	4
733	1
734	2
735	1
736	6
737	6
738	3
739	5
740	5
741	6
742	2
743	5
744	6
745	5
746	2
747	5
748	1
749	1
750	3
751	1
752	3
753	2
754	5
755	3
756	5
757	3
758	6
759	6
760	3
761	3
762	3
763	1
764	2
765	3
766	4
767	1
768	6
769	2
770	5
771	4
772	3
773	1
774	6
775	3
776	2
777	2
778	6
779	5
780	2
781	4
782	1
783	5
784	3
785	3
786	5
787	4
788	3
789	4
790	4
791	6
792	2
793	3
794	2
795	1
796	4
797	2
798	3
799	4
800	1
801	2
802	3
803	3
804	4
805	1
806	3
807	3
808	1
809	4
810	2
811	2
812	3
813	6
814	5
815	3
816	3
817	3
818	6
819	3
820	5
821	3
822	5
823	3
824	4
825	5
826	1
827	5
828	4
829	3
830	5
831	1
832	4
833	3
834	6
835	5
836	3
837	2
838	3
839	1
840	4
841	4
842	3
843	4
844	3
845	3
846	3
847	4
848	2
849	1
850	4
851	6
852	6
853	2
854	2
855	3
856	2
857	2
858	4
859	4
860	3
861	3
862	5
863	1
864	4
865	2
866	6
867	3
868	5
869	1
870	3
871	2
872	1
873	1
874	4
875	4
876	6
877	2
878	4
879	4
880	2
881	6
882	1
883	1
884	6
885	2
886	1
887	6
888	4
889	5
890	1
891	2
892	6
893	4
894	3
895	4
896	3
897	2
898	6
899	5
900	5
901	1
902	3
903	5
904	1
905	1
906	2
907	6
908	1
909	2
910	5
911	3
912	3
913	2
914	2
915	5
916	1
917	5
918	6
919	6
920	4
921	2
922	3
923	6
924	3
925	2
926	6
927	2
928	4
929	5
930	3
931	2
932	3
933	3
934	3
935	3
936	1
937	5
938	5
939	5
940	1
941	2
942	3
943	5
944	5
945	4
946	2
947	3
948	5
949	5
950	2
951	4
952	5
953	1
954	1
955	4
956	6
957	2
958	3
959	4
960	2
961	3
962	3
963	5
964	3
965	2
966	2
967	5
968	5
969	1
970	3
971	5
972	6
973	4
974	4
975	1
976	3
977	6
978	5
979	1
980	3
981	5
982	6
983	2
984	5
985	3
986	1
987	1
988	4
989	4
990	4
991	4
992	2
993	3
994	1
995	5
996	2
997	4
998	4
999	1
1000	4
1001	5
1002	5
1003	2
1004	4
1005	4
1006	5
1007	2
1008	3
1009	3
1010	6
1011	4
1012	3
1013	5
1014	3
1015	4
1016	5
1017	1
1018	2
1019	1
1020	4
1021	5
1022	1
1023	1
1024	1
1025	5
1026	3
1027	3
1028	6
1029	5
1030	1
1031	2
1032	3
1033	3
1034	5
1035	4
1036	2
1037	1
1038	4
1039	3
1040	6
1041	1
1042	3
1043	2
1044	2
1045	4
1046	5
1047	3
1048	5
1049	4
1050	5
1051	6
1052	2
1053	3
1054	1
1055	3
1056	3
1057	6
1058	4
1059	2
1060	4
1061	6
1062	2
1063	6
1064	3
1065	3
1066	1
1067	2
1068	3
1069	5
1070	4
1071	6
1072	6
1073	6
1074	4
1075	5
1076	3
1077	6
1078	6
1079	5
1080	3
1081	5
1082	1
1083	1
1084	1
1085	6
1086	2
1087	2
1088	2
1089	3
1090	1
1091	5
1092	2
1093	1
1094	5
1095	2
1096	4
1097	3
1098	3
1099	1
1100	6
1101	1
1102	4
1103	1
1104	5
1105	6
1106	4
1107	3
1108	5
1109	4
1110	5
1111	4
1112	1
1113	4
1114	5
1115	5
1116	3
1117	3
1118	1
1119	6
1120	3
1121	6
1122	4
1123	1
1124	2
1125	4
1126	1
1127	6
1128	5
1129	4
1130	2
1131	6
1132	3
1133	4
1134	6
1135	2
1136	1
1137	2
1138	2
1139	5
1140	1
1141	6
1142	1
1143	5
1144	1
1145	6
1146	4
1147	2
1148	6
1149	5
1150	2
1151	3
1152	1
1153	5
1154	3
1155	1
1156	2
1157	4
1158	6
1159	1
1160	3
1161	2
1162	3
1163	3
1164	5
1165	1
1166	2
1167	6
1168	1
1169	3
1170	5
1171	1
1172	5
1173	6
1174	1
1175	3
1176	3
1177	3
1178	4
1179	6
1180	3
1181	2
1182	3
1183	2
1184	6
1185	4
1186	6
1187	2
1188	5
1189	3
1190	1
1191	1
1192	3
1193	4
1194	1
1195	6
1196	1
1197	2
1198	4
1199	6
1200	5
1201	5
1202	2
1203	5
1204	5
1205	5
1206	2
1207	6
1208	5
1209	4
1210	5
1211	1
1212	1
1213	6
1214	4
1215	2
1216	6
1217	1
1218	3
1219	2
1220	4
1221	2
1222	5
1223	1
1224	4
1225	5
1226	5
1227	6
1228	2
1229	4
1230	1
1231	4
1232	1
1233	2
1234	5
1235	6
1236	6
1237	2
1238	2
1239	4
1240	6
1241	5
1242	2
1243	4
1244	3
1245	2
1246	4
1247	3
1248	2
1249	2
1250	5
1251	4
1252	3
1253	1
1254	5
1255	4
1256	5
1257	6
1258	1
1259	3
1260	5
1261	3
1262	5
1263	4
1264	2
1265	5
1266	3
1267	2
1268	1
1269	1
1270	2
1271	2
1272	6
1273	1
1274	6
1275	1
1276	2
1277	6
1278	3
1279	3
1280	2
1281	4
1282	6
1283	1
1284	2
1285	3
1286	4
1287	4
1288	4
1289	5
1290	6
1291	6
1292	5
1293	1
1294	1
1295	6
1296	6
1297	1
1298	3
1299	6
1300	5
1301	1
1302	1
1303	5
1304	5
1305	3
1306	5
1307	1
1308	5
1309	5
1310	1
1311	5
1312	5
1313	1
1314	6
1315	4
1316	2
1317	6
1318	1
1319	4
1320	3
1321	5
1322	6
1323	1
1324	5
1325	3
1326	4
1327	2
1328	4
1329	1
1330	1
1331	5
1332	4
1333	2
1334	6
1335	3
1336	3
1337	6
1338	1
1339	4
1340	2
1341	2
1342	1
1343	1
1344	4
1345	2
1346	5
1347	2
1348	6
1349	4
1350	2
1351	1
1352	1
1353	5
1354	3
1355	6
1356	1
1357	5
1358	6
1359	3
1360	2
1361	6
1362	2
1363	4
1364	2
1365	2
1366	2
1367	1
1368	5
1369	1
1370	2
1371	6
1372	4
1373	1
1374	3
1375	3
1376	4
1377	5
1378	3
1379	1
1380	3
1381	5
1382	6
1383	6
1384	5
1385	5
1386	2
1387	4
1388	1
1389	3
1390	2
1391	4
1392	6
1393	6
1394	6
1395	2
1396	5
1397	2
1398	5
1399	2
1400	6
1401	1
1402	5
1403	5
1404	2
1405	5
1406	1
1407	5
1408	6
1409	1
1410	4
1411	1
1412	6
1413	6
1414	2
1415	1
1416	3
1417	1
1418	2
1419	2
1420	4
1421	4
1422	5
1423	6
1424	4
1425	4
1426	6
1427	2
1428	1
1429	2
1430	2
1431	1
1432	2
1433	3
1434	4
1435	3
1436	3
1437	3
1438	6
1439	4
1440	4
1441	3
1442	2
1443	3
1444	4
1445	5
1446	2
1447	3
1448	6
1449	6
1450	6
1451	3
1452	4
1453	5
1454	1
1455	4
1456	3
1457	1
1458	4
1459	4
1460	2
1461	5
1462	1
1463	5
1464	1
1465	3
1466	3
1467	6
1468	4
1469	6
1470	5
1471	1
1472	2
1473	4
1474	4
1475	1
1476	4
1477	2
1478	1
1479	4
1480	6
1481	1
1482	3
1483	4
1484	4
1485	1
1486	1
1487	6
1488	3
1489	6
1490	1
1491	6
1492	5
1493	6
1494	2
1495	2
1496	6
1497	5
1498	4
1499	3
1500	3
1501	2
1502	2
1503	1
1504	2
1505	6
1506	5
1507	3
1508	3
1509	6
1510	4
1511	5
1512	1
1513	4
1514	6
1515	5
1516	1
1517	4
1518	3
1519	4
1520	2
1521	3
1522	1
1523	3
1524	1
1525	6
1526	2
1527	3
1528	1
1529	3
1530	3
1531	1
1532	2
1533	5
1534	1
1535	2
1536	6
1537	2
1538	6
1539	5
1540	6
1541	3
1542	4
1543	1
1544	2
1545	3
1546	5
1547	3
1548	3
1549	2
1550	1
1551	4
1552	3
1553	4
1554	2
1555	4
1556	2
1557	4
1558	3
1559	2
1560	5
1561	4
1562	6
1563	3
1564	3
1565	6
1566	6
1567	5
1568	2
1569	5
1570	2
1571	6
1572	4
1573	1
1574	1
1575	4
1576	3
1577	6
1578	2
1579	1
1580	2
1581	3
1582	4
1583	6
1584	5
1585	5
1586	2
1587	1
1588	2
1589	1
1590	4
1591	2
1592	4
1593	6
1594	6
1595	6
1596	4
1597	2
1598	3
1599	3
1600	3
1601	4
1602	4
1603	1
1604	5
1605	3
1606	2
1607	3
1608	1
1609	5
1610	6
1611	5
1612	6
1613	5
1614	3
1615	1
1616	2
1617	4
1618	4
1619	5
1620	6
1621	3
1622	4
1623	2
1624	5
1625	6
1626	5
1627	3
1628	5
1629	3
1630	6
1631	2
1632	3
1633	1
1634	4
1635	5
1636	6
1637	1
1638	2
1639	1
1640	1
1641	3
1642	2
1643	1
1644	3
1645	1
1646	6
1647	2
1648	6
1649	4
1650	2
1651	1
1652	1
1653	3
1654	2
1655	4
1656	1
1657	6
1658	1
1659	1
1660	6
1661	2
1662	6
1663	2
1664	1
1665	1
1666	1
1667	5
1668	3
1669	3
1670	4
1671	5
1672	5
1673	1
1674	6
1675	1
1676	6
1677	6
1678	6
1679	5
1680	4
1681	5
1682	3
1683	1
1684	5
1685	1
1686	4
1687	1
1688	2
1689	3
1690	4
1691	5
1692	1
1693	2
1694	1
1695	5
1696	4
1697	1
1698	3
1699	2
1700	5
1701	4
1702	2
1703	3
1704	3
1705	4
1706	1
1707	4
1708	3
1709	4
1710	1
1711	5
1712	5
1713	4
1714	1
1715	2
1716	6
1717	5
1718	2
1719	5
1720	3
1721	1
1722	5
1723	1
1724	6
1725	1
1726	3
1727	6
1728	5
1729	6
1730	6
1731	3
1732	5
1733	6
1734	5
1735	6
1736	4
1737	6
1738	5
1739	6
1740	6
1741	4
1742	1
1743	2
1744	2
1745	6
1746	1
1747	4
1748	3
1749	2
1750	3
1751	2
1752	3
1753	4
1754	1
1755	4
1756	3
1757	6
1758	3
1759	5
1760	3
1761	1
1762	2
1763	4
1764	4
1765	6
1766	1
1767	3
1768	4
1769	4
1770	2
1771	1
1772	2
1773	5
1774	5
1775	6
1776	6
1777	3
1778	6
1779	1
1780	5
1781	4
1782	5
1783	5
1784	2
1785	4
1786	4
1787	4
1788	5
1789	6
1790	3
1791	5
1792	5
1793	5
1794	5
1795	3
1796	5
1797	5
1798	4
1799	2
1800	5
1801	5
1802	3
1803	6
1804	1
1805	4
1806	1
1807	1
1808	5
1809	4
1810	6
1811	1
1812	4
1813	3
1814	5
1815	6
1816	2
1817	2
1818	6
1819	6
1820	1
1821	3
1822	5
1823	6
1824	2
1825	1
1826	3
1827	4
1828	1
1829	4
1830	3
1831	5
1832	6
1833	4
1834	5
1835	5
1836	1
1837	1
1838	1
1839	1
1840	5
1841	1
1842	6
1843	2
1844	4
1845	5
1846	1
1847	4
1848	2
1849	5
1850	6
1851	2
1852	2
1853	2
1854	2
1855	1
1856	4
1857	4
1858	1
1859	3
1860	6
1861	2
1862	4
1863	1
1864	6
1865	5
1866	3
1867	4
1868	1
1869	4
1870	4
1871	1
1872	3
1873	5
1874	4
1875	4
1876	4
1877	1
1878	6
1879	6
1880	2
1881	1
1882	1
1883	2
1884	5
1885	5
1886	1
1887	3
1888	6
1889	5
1890	1
1891	1
1892	3
1893	2
1894	2
1895	3
1896	1
1897	6
1898	2
1899	4
1900	6
1901	3
1902	4
1903	6
1904	5
1905	5
1906	4
1907	4
1908	1
1909	2
1910	1
1911	2
1912	2
1913	5
1914	1
1915	6
1916	6
1917	4
1918	4
1919	3
1920	6
1921	2
1922	6
1923	3
1924	6
1925	3
1926	4
1927	5
1928	6
1929	3
1930	1
1931	6
1932	6
1933	3
1934	3
1935	2
1936	2
1937	6
1938	6
1939	1
1940	6
1941	6
1942	5
1943	5
1944	6
1945	5
1946	1
1947	4
1948	1
1949	4
1950	4
1951	4
1952	1
1953	2
1954	4
1955	2
1956	5
1957	4
1958	2
1959	6
1960	3
1961	6
1962	2
1963	6
1964	5
1965	4
1966	3
1967	1
1968	1
1969	1
1970	1
1971	6
1972	5
1973	4
1974	1
1975	6
1976	2
1977	5
1978	6
1979	4
1980	1
1981	4
1982	6
1983	6
1984	1
1985	1
1986	3
1987	5
1988	5
1989	2
1990	3
1991	5
1992	1
1993	2
1994	2
1995	3
1996	4
1997	5
1998	2
1999	6
2000	4
2001	4
2002	3
2003	3
2004	2
2005	2
2006	3
2007	1
2008	5
2009	6
2010	5
2011	6
2012	1
2013	3
2014	2
2015	5
2016	6
2017	1
2018	5
2019	2
2020	4
2021	4
2022	2
2023	6
2024	6
2025	5
2026	2
2027	1
2028	1
2029	2
2030	3
2031	6
2032	1
2033	2
2034	6
2035	2
2036	6
2037	3
2038	6
2039	6
2040	3
2041	3
2042	1
2043	5
2044	5
2045	1
2046	3
2047	1
2048	1
2049	2
2050	5
2051	6
2052	1
2053	4
2054	2
2055	4
2056	2
2057	2
2058	5
2059	6
2060	5
2061	4
2062	2
2063	4
2064	6
2065	5
2066	3
2067	2
2068	4
2069	1
2070	1
2071	6
2072	2
2073	1
2074	6
2075	4
2076	4
2077	4
2078	4
2079	6
2080	4
2081	6
2082	4
2083	4
2084	5
2085	1
2086	4
2087	2
2088	4
2089	4
2090	4
2091	2
2092	4
2093	6
2094	4
2095	2
2096	3
2097	6
2098	6
2099	5
2100	4
2101	3
2102	4
2103	3
2104	2
2105	1
2106	6
2107	2
2108	2
2109	6
2110	1
2111	6
2112	5
2113	2
2114	1
2115	2
2116	5
2117	2
2118	3
2119	1
2120	3
2121	4
2122	2
2123	5
2124	6
2125	1
2126	6
2127	6
2128	2
2129	6
2130	6
2131	5
2132	2
2133	4
2134	3
2135	5
2136	3
2137	5
2138	2
2139	6
2140	5
2141	4
2142	1
2143	1
2144	3
2145	1
2146	2
2147	3
2148	3
2149	5
2150	6
2151	4
2152	6
2153	3
2154	3
2155	2
2156	5
2157	3
2158	2
2159	1
2160	6
2161	2
2162	4
2163	6
2164	4
2165	5
2166	5
2167	1
2168	4
2169	4
2170	2
2171	3
2172	3
2173	1
2174	6
2175	4
2176	6
2177	3
2178	3
2179	3
2180	4
2181	1
2182	2
2183	5
2184	2
2185	3
2186	3
2187	1
2188	2
2189	5
2190	3
2191	2
2192	6
2193	1
2194	4
2195	1
2196	6
2197	5
2198	4
2199	5
2200	1
2201	5
2202	6
2203	2
2204	1
2205	6
2206	2
2207	6
2208	5
2209	5
2210	6
2211	1
2212	6
2213	5
2214	6
2215	4
2216	5
2217	2
2218	6
2219	3
2220	2
2221	2
2222	4
2223	3
2224	1
2225	4
2226	4
2227	5
2228	3
2229	1
2230	2
2231	2
2232	2
2233	4
2234	4
2235	1
2236	1
2237	6
2238	3
2239	3
2240	2
2241	4
2242	2
2243	3
2244	1
2245	2
2246	3
2247	1
2248	2
2249	6
2250	1
2251	1
2252	2
2253	6
2254	4
2255	5
2256	5
2257	5
2258	5
2259	2
2260	2
2261	4
2262	6
2263	1
2264	1
2265	6
2266	5
2267	5
2268	5
2269	1
2270	5
2271	3
2272	1
2273	3
2274	5
2275	6
2276	6
2277	3
2278	2
2279	1
2280	4
2281	4
2282	4
2283	5
2284	4
2285	3
2286	3
2287	5
2288	1
2289	5
2290	2
2291	5
2292	3
2293	6
2294	4
2295	3
2296	5
2297	1
2298	5
2299	3
2300	6
2301	1
2302	2
2303	2
2304	1
2305	1
2306	3
2307	5
2308	4
2309	2
2310	6
2311	2
2312	5
2313	2
2314	6
2315	2
2316	4
2317	4
2318	5
2319	3
2320	4
2321	5
2322	6
2323	3
2324	3
2325	4
2326	5
2327	6
2328	4
2329	6
2330	6
2331	2
2332	6
2333	6
2334	1
2335	1
2336	5
2337	5
2338	3
2339	3
2340	6
2341	6
2342	5
2343	5
2344	1
2345	3
2346	5
2347	4
2348	6
2349	3
2350	5
2351	3
2352	6
2353	1
2354	5
2355	3
2356	3
2357	3
2358	5
2359	1
2360	4
2361	5
2362	6
2363	4
2364	1
2365	6
2366	4
2367	2
2368	2
2369	2
2370	2
2371	1
2372	5
2373	1
2374	4
2375	1
2376	6
2377	6
2378	1
2379	1
2380	5
2381	2
2382	2
2383	6
2384	2
2385	5
2386	6
2387	3
2388	2
2389	4
2390	5
2391	5
2392	5
2393	6
2394	5
2395	4
2396	5
2397	3
2398	3
2399	3
2400	4
2401	4
2402	2
2403	3
2404	6
2405	5
2406	1
2407	1
2408	4
2409	4
2410	5
2411	4
2412	4
2413	4
2414	2
2415	2
2416	1
2417	5
2418	6
2419	1
2420	2
2421	3
2422	4
2423	5
2424	3
2425	2
2426	5
2427	4
2428	5
2429	5
2430	4
2431	3
2432	2
2433	2
2434	2
2435	1
2436	4
2437	6
2438	4
2439	3
2440	5
2441	3
2442	4
2443	2
2444	5
2445	2
2446	3
2447	1
2448	5
2449	1
2450	5
2451	5
2452	2
2453	5
2454	6
2455	6
2456	2
2457	6
2458	2
2459	5
2460	1
2461	2
2462	6
2463	5
2464	1
2465	1
2466	3
2467	1
2468	1
2469	4
2470	3
2471	4
2472	2
2473	2
2474	5
2475	5
2476	1
2477	1
2478	6
2479	2
2480	1
2481	2
2482	3
2483	4
2484	2
2485	5
2486	4
2487	4
2488	2
2489	4
2490	5
2491	6
2492	3
2493	1
2494	3
2495	5
2496	4
2497	5
2498	1
2499	1
2500	3
2501	2
2502	2
2503	6
2504	1
2505	5
2506	1
2507	1
2508	6
2509	4
2510	2
2511	1
2512	2
2513	2
2514	3
2515	3
2516	1
2517	3
2518	1
2519	4
2520	5
2521	6
2522	4
2523	4
2524	3
2525	1
2526	5
2527	2
2528	5
2529	6
2530	2
2531	6
2532	2
2533	6
2534	4
2535	6
2536	5
2537	3
2538	2
2539	6
2540	5
2541	2
2542	5
2543	3
2544	3
2545	2
2546	6
2547	3
2548	2
2549	2
2550	3
2551	3
2552	3
2553	1
2554	2
2555	2
2556	5
2557	1
2558	5
2559	4
2560	5
2561	3
2562	4
2563	2
2564	4
2565	6
2566	6
2567	1
2568	3
2569	1
2570	1
2571	4
2572	5
2573	4
2574	3
2575	1
2576	6
2577	1
2578	2
2579	1
2580	6
2581	6
2582	3
2583	5
2584	2
2585	5
2586	1
2587	4
2588	4
2589	1
2590	1
2591	1
2592	1
2593	5
2594	5
2595	4
2596	3
2597	5
2598	2
2599	1
2600	6
2601	6
2602	4
2603	1
2604	3
2605	6
2606	1
2607	3
2608	2
2609	1
2610	2
2611	3
2612	4
2613	4
2614	5
2615	2
2616	4
2617	2
2618	6
2619	4
2620	4
2621	2
2622	5
2623	1
2624	3
2625	5
2626	6
2627	4
2628	6
2629	4
2630	6
2631	3
2632	1
2633	2
2634	2
2635	2
2636	4
2637	5
2638	3
2639	5
2640	4
2641	6
2642	5
2643	5
2644	2
2645	2
2646	2
2647	3
2648	3
2649	2
2650	1
2651	2
2652	3
2653	6
2654	6
2655	2
2656	5
2657	1
2658	6
2659	1
2660	2
2661	6
2662	4
2663	6
2664	5
2665	6
2666	2
2667	5
2668	2
2669	3
2670	6
2671	5
2672	3
2673	1
2674	3
2675	5
2676	3
2677	2
2678	4
2679	6
2680	4
2681	5
2682	5
2683	6
2684	3
2685	2
2686	2
2687	2
2688	4
2689	6
2690	1
2691	1
2692	2
2693	1
2694	2
2695	2
2696	1
2697	4
2698	4
2699	3
2700	1
2701	3
2702	6
2703	5
2704	1
2705	6
2706	4
2707	4
2708	6
2709	5
2710	1
2711	3
2712	2
2713	1
2714	3
2715	4
2716	1
2717	5
2718	5
2719	3
2720	3
2721	6
2722	6
2723	3
2724	2
2725	6
2726	4
2727	4
2728	6
2729	1
2730	6
2731	4
2732	1
2733	4
2734	1
2735	3
2736	3
2737	3
2738	3
2739	4
2740	1
2741	5
2742	3
2743	1
2744	6
2745	2
2746	4
2747	3
2748	6
2749	5
2750	2
2751	1
2752	1
2753	1
2754	5
2755	4
2756	4
2757	4
2758	1
2759	5
2760	6
2761	2
2762	6
2763	5
2764	4
2765	3
2766	2
2767	6
2768	5
2769	3
2770	1
2771	3
2772	4
2773	5
2774	6
2775	2
2776	3
2777	5
2778	6
2779	5
2780	3
2781	2
2782	4
2783	1
2784	6
2785	5
2786	6
2787	3
2788	5
2789	5
2790	3
2791	2
2792	3
2793	5
2794	1
2795	3
2796	5
2797	6
2798	1
2799	4
2800	1
2801	3
2802	6
2803	4
2804	2
2805	3
2806	3
2807	1
2808	1
2809	6
2810	4
2811	2
2812	4
2813	3
2814	3
2815	6
2816	1
2817	4
2818	1
2819	3
2820	3
2821	6
2822	4
2823	4
2824	1
2825	6
2826	2
2827	4
2828	2
2829	6
2830	1
2831	4
2832	2
2833	5
2834	5
2835	3
2836	2
2837	3
2838	4
2839	1
2840	5
2841	3
2842	5
2843	3
2844	1
2845	5
2846	2
2847	5
2848	5
2849	4
2850	2
2851	3
2852	4
2853	4
2854	3
2855	1
2856	4
2857	1
2858	3
2859	4
2860	2
2861	2
2862	4
2863	1
2864	2
2865	1
2866	2
2867	3
2868	6
2869	3
2870	2
2871	2
2872	5
2873	4
2874	2
2875	4
2876	6
2877	3
2878	2
2879	6
2880	3
2881	4
2882	6
2883	5
2884	1
2885	4
2886	2
2887	5
2888	6
2889	2
2890	2
2891	6
2892	3
2893	5
2894	6
2895	5
2896	4
2897	1
2898	1
2899	4
2900	2
2901	4
2902	2
2903	1
2904	5
2905	6
2906	2
2907	4
2908	4
2909	2
2910	6
2911	5
2912	1
2913	6
2914	6
2915	4
2916	3
2917	5
2918	3
2919	5
2920	4
2921	6
2922	6
2923	4
2924	5
2925	1
2926	3
2927	4
2928	4
2929	5
2930	1
2931	1
2932	6
2933	5
2934	2
2935	1
2936	5
2937	4
2938	6
2939	4
2940	1
2941	3
2942	3
2943	1
2944	4
2945	1
2946	5
2947	3
2948	3
2949	6
2950	4
2951	2
2952	6
2953	2
2954	6
2955	4
2956	5
2957	4
2958	6
2959	4
2960	1
2961	5
2962	1
2963	1
2964	6
2965	5
2966	4
2967	1
2968	2
2969	6
2970	1
2971	6
2972	6
2973	5
2974	4
2975	6
2976	5
2977	3
2978	1
2979	6
2980	1
2981	6
2982	5
2983	2
2984	4
2985	6
2986	1
2987	1
2988	2
2989	5
2990	2
2991	4
2992	6
2993	1
2994	3
2995	4
2996	4
2997	6
2998	2
2999	5
3000	6
3001	6
3002	3
3003	1
3004	2
3005	1
3006	6
3007	6
3008	1
3009	4
3010	3
3011	2
3012	4
3013	5
3014	2
3015	5
3016	5
3017	1
3018	6
3019	2
3020	6
3021	2
3022	6
3023	4
3024	3
3025	4
3026	2
3027	1
3028	3
3029	1
3030	4
3031	4
3032	5
3033	2
3034	5
3035	5
3036	2
3037	5
3038	1
3039	3
3040	6
3041	5
3042	2
3043	3
3044	4
3045	1
3046	3
3047	3
3048	4
3049	4
3050	5
3051	1
3052	3
3053	5
3054	6
3055	6
3056	5
3057	4
3058	5
3059	2
3060	2
3061	3
3062	6
3063	2
3064	2
3065	4
3066	1
3067	1
3068	1
3069	5
3070	4
3071	1
3072	4
3073	6
3074	1
3075	3
3076	1
3077	6
3078	3
3079	1
3080	5
3081	3
3082	6
3083	1
3084	1
3085	5
3086	6
3087	5
3088	4
3089	2
3090	2
3091	3
3092	6
3093	3
3094	2
3095	3
3096	6
3097	6
3098	1
3099	4
3100	4
3101	2
3102	5
3103	5
3104	1
3105	3
3106	6
3107	2
3108	5
3109	1
3110	6
3111	2
3112	2
3113	2
3114	2
3115	4
3116	4
3117	5
3118	3
3119	1
3120	5
3121	1
3122	6
3123	1
3124	1
3125	3
3126	2
3127	1
3128	6
3129	4
3130	4
3131	4
3132	5
3133	1
3134	5
3135	4
3136	2
3137	6
3138	4
3139	4
3140	3
3141	4
3142	5
3143	5
3144	4
3145	5
3146	6
3147	1
3148	5
3149	6
3150	6
3151	6
3152	4
3153	1
3154	5
3155	1
3156	3
3157	5
3158	4
3159	6
3160	4
3161	6
3162	2
3163	1
3164	2
3165	4
3166	3
3167	5
3168	3
3169	4
3170	1
3171	1
3172	2
3173	5
3174	6
3175	6
3176	4
3177	5
3178	4
3179	6
3180	6
3181	4
3182	4
3183	6
3184	4
3185	6
3186	1
3187	4
3188	4
3189	4
3190	2
3191	2
3192	3
3193	3
3194	4
3195	1
3196	3
3197	6
3198	4
3199	1
3200	3
3201	3
3202	1
3203	2
3204	4
3205	5
3206	1
3207	4
3208	4
3209	2
3210	1
3211	3
3212	6
3213	1
3214	5
3215	2
3216	3
3217	1
3218	5
3219	3
3220	4
3221	6
3222	4
3223	2
3224	1
3225	6
3226	5
3227	1
3228	1
3229	1
3230	2
3231	4
3232	1
3233	3
3234	4
3235	5
3236	2
3237	1
3238	6
3239	4
3240	2
3241	1
3242	2
3243	5
3244	5
3245	2
3246	1
3247	4
3248	5
3249	5
3250	5
3251	5
3252	4
3253	4
3254	3
3255	1
3256	3
3257	5
3258	2
3259	6
3260	6
3261	2
3262	4
3263	3
3264	6
3265	4
3266	5
3267	4
3268	3
3269	4
3270	6
3271	1
3272	1
3273	1
3274	3
3275	6
3276	5
3277	2
3278	6
3279	4
3280	4
3281	5
3282	5
3283	1
3284	3
3285	2
3286	3
3287	6
3288	3
3289	3
3290	4
3291	2
3292	2
3293	2
3294	4
3295	5
3296	5
3297	1
3298	3
3299	1
3300	1
3301	3
3302	3
3303	4
3304	6
3305	2
3306	3
3307	1
3308	3
3309	3
3310	6
3311	1
3312	1
3313	4
3314	2
3315	2
3316	6
3317	1
3318	2
3319	2
3320	2
3321	2
3322	2
3323	1
3324	4
3325	3
3326	6
3327	1
3328	1
3329	4
3330	6
3331	5
3332	5
3333	4
3334	2
3335	6
3336	4
3337	1
3338	3
3339	5
3340	5
3341	2
3342	6
3343	1
3344	3
3345	1
3346	5
3347	4
3348	3
3349	4
3350	2
3351	6
3352	4
3353	1
3354	1
3355	2
3356	5
3357	2
3358	1
3359	5
3360	1
3361	3
3362	3
3363	4
3364	1
3365	6
3366	4
3367	6
3368	6
3369	5
3370	5
3371	4
3372	3
3373	1
3374	3
3375	1
3376	3
3377	4
3378	2
3379	5
3380	4
3381	5
3382	6
3383	6
3384	4
3385	4
3386	1
3387	5
3388	6
3389	2
3390	6
3391	6
3392	4
3393	1
3394	1
3395	6
3396	6
3397	2
3398	1
3399	1
3400	6
3401	3
3402	1
3403	4
3404	4
3405	3
3406	5
3407	4
3408	3
3409	5
3410	3
3411	3
3412	1
3413	4
3414	6
3415	5
3416	2
3417	2
3418	5
3419	6
3420	6
3421	2
3422	5
3423	2
3424	4
3425	6
3426	2
3427	3
3428	1
3429	5
3430	6
3431	5
3432	1
3433	2
3434	2
3435	5
3436	4
3437	4
3438	1
3439	6
3440	5
3441	2
3442	2
3443	1
3444	4
3445	4
3446	6
3447	3
3448	5
3449	3
3450	1
3451	4
3452	6
3453	2
3454	4
3455	3
3456	4
3457	4
3458	2
3459	6
3460	2
3461	2
3462	2
3463	5
3464	2
3465	3
3466	6
3467	1
3468	6
3469	6
3470	2
3471	1
3472	5
3473	5
3474	1
3475	6
3476	6
3477	6
3478	5
3479	4
3480	4
3481	6
3482	6
3483	2
3484	3
3485	1
3486	2
3487	6
3488	3
3489	1
3490	3
3491	1
3492	2
3493	3
3494	5
3495	5
3496	6
3497	5
3498	5
3499	6
3500	5
3501	4
3502	5
3503	2
3504	5
3505	3
3506	3
3507	3
3508	6
3509	4
3510	3
3511	1
3512	5
3513	2
3514	1
3515	6
3516	5
3517	2
3518	4
3519	3
3520	2
3521	2
3522	6
3523	2
3524	2
3525	1
3526	6
3527	2
3528	4
3529	5
3530	2
3531	6
3532	4
3533	2
3534	5
3535	4
3536	5
3537	6
3538	5
3539	1
3540	5
3541	5
3542	2
3543	4
3544	6
3545	5
3546	6
3547	6
3548	2
3549	6
3550	6
3551	2
3552	5
3553	6
3554	1
3555	5
3556	4
3557	2
3558	6
3559	1
3560	1
3561	4
3562	3
3563	6
3564	4
3565	5
3566	5
3567	4
3568	2
3569	6
3570	3
3571	6
3572	5
3573	6
3574	2
3575	5
3576	3
3577	2
3578	4
3579	1
3580	4
3581	4
3582	6
3583	5
3584	5
3585	2
3586	4
3587	3
3588	6
3589	3
3590	4
3591	6
3592	1
3593	1
3594	3
3595	5
3596	4
3597	4
3598	4
3599	6
3600	1
3601	3
3602	4
3603	6
3604	3
3605	1
3606	2
3607	2
3608	2
3609	3
3610	5
3611	5
3612	5
3613	6
3614	2
3615	4
3616	3
3617	5
3618	3
3619	1
3620	4
3621	5
3622	6
3623	4
3624	3
3625	6
3626	1
3627	6
3628	2
3629	3
3630	4
3631	6
3632	1
3633	3
3634	2
3635	1
3636	5
3637	5
3638	4
3639	3
3640	3
3641	3
3642	6
3643	3
3644	5
3645	3
3646	3
3647	2
3648	5
3649	5
3650	5
3651	2
3652	6
3653	1
3654	6
3655	3
3656	3
3657	4
3658	4
3659	6
3660	3
3661	5
3662	3
3663	4
3664	1
3665	4
3666	1
3667	4
3668	2
3669	3
3670	3
3671	6
3672	5
3673	1
3674	3
3675	6
3676	2
3677	5
3678	6
3679	4
3680	6
3681	5
3682	6
3683	5
3684	3
3685	6
3686	4
3687	5
3688	2
3689	1
3690	5
3691	3
3692	2
3693	2
3694	3
3695	3
3696	5
3697	6
3698	6
3699	5
3700	4
3701	4
3702	5
3703	1
3704	2
3705	2
3706	5
3707	6
3708	1
3709	2
3710	2
3711	2
3712	2
3713	4
3714	5
3715	3
3716	3
3717	6
3718	5
3719	6
3720	2
3721	5
3722	5
3723	2
3724	5
3725	4
3726	3
3727	5
3728	2
3729	6
3730	3
3731	1
3732	3
3733	2
3734	6
3735	4
3736	4
3737	6
3738	3
3739	1
3740	1
3741	5
3742	3
3743	6
3744	6
3745	6
3746	6
3747	2
3748	4
3749	6
3750	5
3751	4
3752	1
3753	2
3754	6
3755	1
3756	1
3757	3
3758	2
3759	3
3760	6
3761	6
3762	1
3763	1
3764	4
3765	5
3766	1
3767	4
3768	4
3769	1
3770	3
3771	1
3772	3
3773	5
3774	2
3775	3
3776	1
3777	3
3778	5
3779	5
3780	5
3781	5
3782	5
3783	4
3784	1
3785	2
3786	4
3787	4
3788	1
3789	1
3790	1
3791	4
3792	3
3793	2
3794	3
3795	3
3796	2
3797	2
3798	4
3799	6
3800	5
3801	6
3802	2
3803	4
3804	3
3805	3
3806	5
3807	3
3808	3
3809	6
3810	2
3811	3
3812	5
3813	6
3814	4
3815	5
3816	3
3817	1
3818	2
3819	4
3820	5
3821	3
3822	3
3823	3
3824	2
3825	4
3826	3
3827	6
3828	5
3829	1
3830	5
3831	2
3832	4
3833	1
3834	4
3835	6
3836	3
3837	1
3838	4
3839	6
3840	2
3841	4
3842	3
3843	4
3844	4
3845	2
3846	6
3847	4
3848	2
3849	6
3850	2
3851	2
3852	1
3853	3
3854	3
3855	1
3856	2
3857	4
3858	2
3859	4
3860	4
3861	5
3862	4
3863	2
3864	2
3865	2
3866	3
3867	2
3868	5
3869	2
3870	1
3871	3
3872	1
3873	3
3874	3
3875	5
3876	1
3877	4
3878	6
3879	3
3880	6
3881	6
3882	6
3883	2
3884	1
3885	2
3886	5
3887	3
3888	5
3889	1
3890	4
3891	4
3892	1
3893	4
3894	4
3895	3
3896	4
3897	1
3898	2
3899	1
3900	1
3901	4
3902	4
3903	4
3904	2
3905	2
3906	3
3907	4
3908	4
3909	6
3910	6
3911	6
3912	5
3913	3
3914	3
3915	2
3916	6
3917	3
3918	1
3919	4
3920	1
3921	4
3922	4
3923	4
3924	3
3925	5
3926	5
3927	1
3928	3
3929	5
3930	1
3931	4
3932	6
3933	6
3934	3
3935	2
3936	2
3937	4
3938	4
3939	3
3940	1
3941	4
3942	2
3943	6
3944	5
3945	2
3946	3
3947	1
3948	6
3949	2
3950	2
3951	6
3952	5
3953	3
3954	5
3955	4
3956	3
3957	5
3958	3
3959	1
3960	6
3961	2
3962	6
3963	5
3964	2
3965	5
3966	4
3967	1
3968	5
3969	6
3970	5
3971	6
3972	4
3973	6
3974	3
3975	5
3976	2
3977	4
3978	3
3979	6
3980	6
3981	4
3982	5
3983	4
3984	6
3985	1
3986	4
3987	1
3988	3
3989	4
3990	1
3991	5
3992	5
3993	6
3994	6
3995	2
3996	3
3997	5
3998	4
3999	3
4000	3
4001	6
4002	4
4003	3
4004	4
4005	5
4006	1
4007	4
4008	1
4009	1
4010	3
4011	2
4012	2
4013	5
4014	1
4015	4
4016	3
4017	1
4018	3
4019	5
4020	4
4021	2
4022	3
4023	2
4024	3
4025	5
4026	6
4027	6
4028	1
4029	4
4030	1
4031	5
4032	6
4033	4
4034	6
4035	2
4036	4
4037	2
4038	5
4039	2
4040	4
4041	3
4042	3
4043	2
4044	4
4045	3
4046	3
4047	1
4048	6
4049	1
4050	1
4051	2
4052	1
4053	3
4054	4
4055	4
4056	4
4057	5
4058	2
4059	2
4060	4
4061	1
4062	6
4063	5
4064	4
4065	5
4066	4
4067	5
4068	1
4069	6
4070	1
4071	6
4072	1
4073	2
4074	6
4075	1
4076	5
4077	3
4078	6
4079	1
4080	4
4081	5
4082	6
4083	2
4084	4
4085	3
4086	5
4087	6
4088	5
4089	5
4090	6
4091	4
4092	5
4093	4
4094	6
4095	1
4096	6
4097	6
4098	3
4099	2
4100	1
4101	5
4102	2
4103	5
4104	2
4105	6
4106	5
4107	3
4108	5
4109	6
4110	5
4111	1
4112	3
4113	6
4114	5
4115	5
4116	4
4117	1
4118	6
4119	6
4120	5
4121	2
4122	1
4123	2
4124	3
4125	3
4126	6
4127	6
4128	6
4129	4
4130	3
4131	6
4132	4
4133	5
4134	3
4135	3
4136	5
4137	3
4138	5
4139	2
4140	4
4141	1
4142	4
4143	1
4144	2
4145	2
4146	1
4147	4
4148	4
4149	1
4150	5
4151	1
4152	4
4153	5
4154	5
4155	1
4156	4
4157	3
4158	1
4159	6
4160	3
4161	5
4162	6
4163	4
4164	4
4165	3
4166	3
4167	6
4168	2
4169	1
4170	2
4171	4
4172	3
4173	2
4174	3
4175	6
4176	2
4177	6
4178	1
4179	4
4180	5
4181	1
4182	1
4183	6
4184	3
4185	6
4186	4
4187	5
4188	3
4189	1
4190	5
4191	1
4192	5
4193	2
4194	4
4195	3
4196	3
4197	1
4198	1
4199	4
4200	6
4201	1
4202	2
4203	1
4204	3
4205	1
4206	6
4207	2
4208	6
4209	4
4210	2
4211	5
4212	3
4213	6
4214	4
4215	4
4216	1
4217	1
4218	4
4219	2
4220	6
4221	6
4222	2
4223	3
4224	6
4225	2
4226	1
4227	1
4228	2
4229	3
4230	2
4231	3
4232	2
4233	2
4234	5
4235	6
4236	1
4237	5
4238	5
4239	2
4240	1
4241	2
4242	1
4243	2
4244	1
4245	3
4246	4
4247	6
4248	6
4249	5
4250	1
4251	5
4252	4
4253	4
4254	1
4255	5
4256	1
4257	2
4258	6
4259	6
4260	6
4261	6
4262	3
4263	1
4264	2
4265	5
4266	4
4267	6
4268	2
4269	2
4270	3
4271	1
4272	1
4273	5
4274	1
4275	4
4276	1
4277	4
4278	3
4279	6
4280	2
4281	1
4282	5
4283	6
4284	3
4285	2
4286	5
4287	6
4288	2
4289	6
4290	1
4291	1
4292	6
4293	4
4294	6
4295	2
4296	1
4297	1
4298	2
4299	2
4300	3
4301	6
4302	2
4303	2
4304	1
4305	1
4306	3
4307	6
4308	2
4309	5
4310	3
4311	4
4312	4
4313	4
4314	5
4315	5
4316	1
4317	6
4318	1
4319	3
4320	1
4321	1
4322	2
4323	4
4324	4
4325	6
4326	2
4327	6
4328	2
4329	2
4330	3
4331	5
4332	3
4333	1
4334	4
4335	5
4336	5
4337	1
4338	3
4339	5
4340	4
4341	6
4342	1
4343	4
4344	6
4345	5
4346	5
4347	1
4348	4
4349	5
4350	1
4351	3
4352	1
4353	4
4354	2
4355	5
4356	4
4357	1
4358	1
4359	5
4360	6
4361	4
4362	3
4363	3
4364	4
4365	2
4366	3
4367	3
4368	6
4369	1
4370	1
4371	5
4372	1
4373	5
4374	6
4375	5
4376	6
4377	3
4378	5
4379	4
4380	6
4381	1
4382	6
4383	6
4384	3
4385	2
4386	2
4387	2
4388	1
4389	3
4390	6
4391	4
4392	4
4393	3
4394	5
4395	3
4396	2
4397	6
4398	5
4399	5
4400	2
4401	3
4402	6
4403	5
4404	1
4405	5
4406	1
4407	2
4408	6
4409	4
4410	4
4411	5
4412	2
4413	2
4414	3
4415	2
4416	5
4417	4
4418	5
4419	4
4420	6
4421	3
4422	6
4423	2
4424	4
4425	2
4426	2
4427	3
4428	6
4429	2
4430	2
4431	6
4432	2
4433	6
4434	1
4435	5
4436	3
4437	3
4438	3
4439	2
4440	3
4441	3
4442	1
4443	4
4444	6
4445	4
4446	6
4447	1
4448	3
4449	3
4450	3
4451	6
4452	4
4453	1
4454	4
4455	4
4456	2
4457	4
4458	1
4459	3
4460	3
4461	3
4462	1
4463	1
4464	2
4465	6
4466	4
4467	1
4468	4
4469	1
4470	3
4471	1
4472	5
4473	2
4474	1
4475	3
4476	2
4477	1
4478	3
4479	6
4480	6
4481	2
4482	4
4483	6
4484	5
4485	1
4486	3
4487	6
4488	2
4489	4
4490	5
4491	1
4492	1
4493	2
4494	1
4495	6
4496	5
4497	4
4498	2
4499	3
4500	4
4501	4
4502	3
4503	4
4504	4
4505	6
4506	6
4507	2
4508	1
4509	6
4510	6
4511	1
4512	6
4513	5
4514	2
4515	5
4516	3
4517	5
4518	5
4519	1
4520	2
4521	4
4522	3
4523	5
4524	2
4525	6
4526	4
4527	1
4528	2
4529	3
4530	6
4531	6
4532	5
4533	5
4534	5
4535	6
4536	1
4537	1
4538	2
4539	1
4540	4
4541	2
4542	1
4543	4
4544	3
4545	3
4546	3
4547	6
4548	3
4549	5
4550	3
4551	4
4552	6
4553	6
4554	5
4555	5
4556	1
4557	1
4558	3
4559	6
4560	2
4561	2
4562	4
4563	3
4564	3
4565	1
4566	5
4567	2
4568	5
4569	5
4570	2
4571	4
4572	1
4573	3
4574	2
4575	2
4576	2
4577	2
4578	2
4579	6
4580	3
4581	1
4582	5
4583	3
4584	3
4585	2
4586	5
4587	6
4588	4
4589	6
4590	5
4591	1
4592	4
4593	2
4594	1
4595	6
4596	5
4597	2
4598	2
4599	3
4600	5
4601	3
4602	4
4603	3
4604	2
4605	2
4606	1
4607	5
4608	1
4609	2
4610	1
4611	4
4612	6
4613	3
4614	2
4615	1
4616	4
4617	1
4618	5
4619	4
4620	5
4621	3
4622	4
4623	6
4624	1
4625	2
4626	2
4627	6
4628	3
4629	6
4630	5
4631	3
4632	6
4633	6
4634	6
4635	6
4636	6
4637	3
4638	3
4639	3
4640	2
4641	5
4642	5
4643	4
4644	2
4645	2
4646	1
4647	6
4648	6
4649	5
4650	5
4651	6
4652	2
4653	1
4654	2
4655	6
4656	2
4657	5
4658	6
4659	2
4660	1
4661	6
4662	6
4663	1
4664	2
4665	3
4666	1
4667	3
4668	3
4669	6
4670	2
4671	4
4672	3
4673	3
4674	5
4675	2
4676	2
4677	5
4678	2
4679	4
4680	6
4681	3
4682	1
4683	6
4684	5
4685	1
4686	2
4687	5
4688	1
4689	3
4690	1
4691	1
4692	6
4693	4
4694	1
4695	3
4696	6
4697	5
4698	6
4699	1
4700	5
4701	5
4702	6
4703	6
4704	1
4705	5
4706	3
4707	5
4708	2
4709	3
4710	3
4711	2
4712	2
4713	4
4714	5
4715	6
4716	2
4717	4
4718	6
4719	5
4720	4
4721	4
4722	5
4723	6
4724	3
4725	3
4726	5
4727	5
4728	4
4729	5
4730	3
4731	3
4732	5
4733	2
4734	2
4735	4
4736	2
4737	5
4738	2
4739	4
4740	4
4741	5
4742	5
4743	3
4744	3
4745	3
4746	1
4747	5
4748	1
4749	6
4750	5
4751	4
4752	4
4753	1
4754	5
4755	1
4756	1
4757	5
4758	1
4759	4
4760	1
4761	2
4762	5
4763	4
4764	6
4765	1
4766	3
4767	2
4768	6
4769	6
4770	3
4771	1
4772	5
4773	6
4774	5
4775	4
4776	2
4777	2
4778	5
4779	5
4780	1
4781	3
4782	4
4783	1
4784	4
4785	5
4786	1
4787	1
4788	4
4789	2
4790	1
4791	4
4792	2
4793	5
4794	4
4795	1
4796	6
4797	5
4798	4
4799	3
4800	1
4801	1
4802	5
4803	5
4804	6
4805	1
4806	1
4807	1
4808	4
4809	1
4810	4
4811	1
4812	3
4813	2
4814	5
4815	2
4816	6
4817	5
4818	5
4819	2
4820	5
4821	6
4822	4
4823	3
4824	6
4825	2
4826	2
4827	1
4828	4
4829	6
4830	2
4831	3
4832	5
4833	4
4834	1
4835	3
4836	3
4837	1
4838	6
4839	4
4840	5
4841	2
4842	2
4843	2
4844	4
4845	3
4846	3
4847	3
4848	3
4849	1
4850	5
4851	4
4852	6
4853	6
4854	2
4855	5
4856	4
4857	2
4858	6
4859	3
4860	6
4861	2
4862	2
4863	2
4864	6
4865	1
4866	1
4867	2
4868	4
4869	5
4870	6
4871	1
4872	2
4873	2
4874	5
4875	2
4876	5
4877	3
4878	6
4879	3
4880	4
4881	1
4882	1
4883	4
4884	2
4885	1
4886	3
4887	4
4888	3
4889	2
4890	1
4891	4
4892	4
4893	2
4894	4
4895	3
4896	4
4897	6
4898	1
4899	5
4900	5
4901	5
4902	3
4903	2
4904	6
4905	6
4906	1
4907	5
4908	2
4909	2
4910	2
4911	2
4912	5
4913	2
4914	1
4915	5
4916	6
4917	1
4918	3
4919	5
4920	4
4921	3
4922	3
4923	6
4924	5
4925	4
4926	6
4927	3
4928	4
4929	2
4930	3
4931	3
4932	2
4933	2
4934	5
4935	4
4936	4
4937	5
4938	5
4939	3
4940	5
4941	3
4942	3
4943	4
4944	5
4945	1
4946	2
4947	5
4948	1
4949	6
4950	6
4951	5
4952	1
4953	6
4954	4
4955	2
4956	5
4957	2
4958	3
4959	1
4960	4
4961	6
4962	2
4963	3
4964	4
4965	4
4966	6
4967	5
4968	4
4969	5
4970	2
4971	5
4972	4
4973	6
4974	5
4975	5
4976	6
4977	2
4978	4
4979	6
4980	1
4981	6
4982	3
4983	1
4984	2
4985	1
4986	6
4987	2
4988	2
4989	3
4990	1
4991	3
4992	5
4993	4
4994	1
4995	3
4996	3
4997	4
4998	5
4999	4
5000	5
5001	5
5002	1
5003	2
5004	1
5005	5
5006	3
5007	1
5008	6
5009	4
5010	3
5011	5
5012	1
5013	3
5014	6
5015	5
5016	6
5017	3
5018	3
5019	5
5020	3
5021	2
5022	5
5023	5
5024	5
5025	3
5026	6
5027	4
5028	6
5029	5
5030	3
5031	1
5032	5
5033	6
5034	3
5035	6
5036	3
5037	1
5038	4
5039	3
5040	3
5041	2
5042	4
5043	5
5044	3
5045	6
5046	5
5047	2
5048	4
5049	1
5050	1
5051	3
5052	1
5053	4
5054	6
5055	5
5056	6
5057	6
5058	4
5059	3
5060	5
5061	5
5062	3
5063	5
5064	4
5065	6
5066	5
5067	1
5068	3
5069	2
5070	4
5071	1
5072	1
5073	3
5074	1
5075	4
5076	4
5077	2
5078	5
5079	2
5080	3
5081	5
5082	2
5083	4
5084	5
5085	3
5086	6
5087	5
5088	4
5089	4
5090	2
5091	2
5092	4
5093	4
5094	4
5095	1
5096	1
5097	3
5098	3
5099	4
5100	6
5101	3
5102	4
5103	4
5104	5
5105	6
5106	2
5107	1
5108	5
5109	4
5110	4
5111	3
5112	4
5113	4
5114	2
5115	3
5116	3
5117	2
5118	5
5119	5
5120	3
5121	3
5122	2
5123	3
5124	6
5125	6
5126	3
5127	2
5128	2
5129	3
5130	3
5131	1
5132	3
5133	1
5134	1
5135	4
5136	4
5137	6
5138	2
5139	4
5140	1
5141	4
5142	3
5143	4
5144	6
5145	3
5146	6
5147	5
5148	1
5149	2
5150	2
5151	6
5152	5
5153	1
5154	1
5155	1
5156	1
5157	1
5158	5
5159	1
5160	3
5161	3
5162	2
5163	3
5164	3
5165	6
5166	4
5167	4
5168	6
5169	2
5170	1
5171	2
5172	2
5173	1
5174	3
5175	4
5176	2
5177	4
5178	4
5179	4
5180	1
5181	2
5182	1
5183	5
5184	1
5185	4
5186	1
5187	1
5188	1
5189	1
5190	4
5191	4
5192	6
5193	4
5194	4
5195	2
5196	2
5197	3
5198	1
5199	1
5200	6
5201	4
5202	4
5203	5
5204	2
5205	4
5206	3
5207	5
5208	1
5209	3
5210	1
5211	6
5212	4
5213	5
5214	6
5215	1
5216	5
5217	5
5218	6
5219	4
5220	3
5221	1
5222	4
5223	3
5224	1
5225	5
5226	6
5227	4
5228	1
5229	2
5230	1
5231	3
5232	1
5233	1
5234	1
5235	5
5236	3
5237	3
5238	5
5239	4
5240	1
5241	5
5242	4
5243	6
5244	1
5245	3
5246	2
5247	4
5248	3
5249	3
5250	4
5251	6
5252	5
5253	6
5254	2
5255	5
5256	3
5257	4
5258	1
5259	2
5260	4
5261	6
5262	1
5263	4
5264	4
5265	5
5266	6
5267	5
5268	6
5269	4
5270	2
5271	5
5272	2
5273	3
5274	1
5275	6
5276	2
5277	6
5278	3
5279	1
5280	6
5281	1
5282	1
5283	2
5284	1
5285	6
5286	1
5287	2
5288	5
5289	5
5290	1
5291	6
5292	5
5293	5
5294	3
5295	1
5296	2
5297	5
5298	2
5299	6
5300	4
5301	6
5302	2
5303	2
5304	4
5305	5
5306	3
5307	2
5308	5
5309	6
5310	4
5311	3
5312	2
5313	5
5314	6
5315	3
5316	1
5317	6
5318	1
5319	4
5320	5
5321	6
5322	1
5323	5
5324	3
5325	3
5326	1
5327	6
5328	3
5329	5
5330	4
5331	6
5332	3
5333	5
5334	5
5335	4
5336	3
5337	3
5338	5
5339	4
5340	3
5341	2
5342	1
5343	6
5344	4
5345	4
5346	4
5347	2
5348	5
5349	1
5350	5
5351	1
5352	3
5353	4
5354	2
5355	5
5356	2
5357	2
5358	6
5359	5
5360	2
5361	5
5362	2
5363	1
5364	4
5365	4
5366	1
5367	5
5368	4
5369	3
5370	4
5371	6
5372	6
5373	5
5374	3
5375	4
5376	6
5377	1
5378	2
5379	6
5380	5
5381	2
5382	5
5383	6
5384	4
5385	1
5386	2
5387	2
5388	5
5389	2
5390	6
5391	4
5392	1
5393	2
5394	6
5395	4
5396	2
5397	4
5398	1
5399	2
5400	6
5401	5
5402	4
5403	2
5404	1
5405	3
5406	1
5407	6
5408	6
5409	1
5410	1
5411	3
5412	2
5413	4
5414	5
5415	5
5416	6
5417	1
5418	1
5419	5
5420	1
5421	6
5422	6
5423	4
5424	5
5425	3
5426	6
5427	3
5428	4
5429	3
5430	2
5431	4
5432	1
5433	6
5434	4
5435	6
5436	2
5437	3
5438	1
5439	2
5440	1
5441	5
5442	6
5443	5
5444	1
5445	5
5446	6
5447	6
5448	6
5449	6
5450	2
5451	6
5452	5
5453	2
5454	1
5455	3
5456	4
5457	3
5458	4
5459	6
5460	1
5461	5
5462	3
5463	3
5464	5
5465	5
5466	3
5467	3
5468	6
5469	2
5470	4
5471	1
5472	3
5473	6
5474	4
5475	3
5476	3
5477	6
5478	2
5479	4
5480	4
5481	6
5482	2
5483	5
5484	3
5485	3
5486	3
5487	1
5488	6
5489	4
5490	2
5491	4
5492	1
5493	5
5494	6
5495	4
5496	2
5497	6
5498	4
5499	4
5500	4
5501	2
5502	3
5503	5
5504	6
5505	1
5506	3
5507	3
5508	3
5509	2
5510	1
5511	5
5512	6
5513	5
5514	2
5515	6
5516	4
5517	2
5518	4
5519	3
5520	4
5521	6
5522	4
5523	4
5524	2
5525	2
5526	2
5527	6
5528	4
5529	5
5530	2
5531	5
5532	2
5533	1
5534	4
5535	4
5536	4
5537	6
5538	1
5539	6
5540	1
5541	6
5542	2
5543	1
5544	3
5545	4
5546	1
5547	1
5548	4
5549	2
5550	4
5551	3
5552	1
5553	3
5554	4
5555	1
5556	4
5557	6
5558	1
5559	5
5560	5
5561	2
5562	1
5563	3
5564	1
5565	1
5566	6
5567	6
5568	6
5569	6
5570	6
5571	2
5572	3
5573	2
5574	6
5575	2
5576	5
5577	1
5578	4
5579	5
5580	4
5581	5
5582	2
5583	6
5584	2
5585	3
5586	2
5587	6
5588	1
5589	3
5590	2
5591	4
5592	5
5593	5
5594	1
5595	2
5596	2
5597	6
5598	5
5599	4
5600	5
5601	3
5602	6
5603	4
5604	1
5605	2
5606	2
5607	5
5608	6
5609	6
5610	1
5611	1
5612	2
5613	2
5614	3
5615	1
5616	1
5617	5
5618	3
5619	2
5620	1
5621	5
5622	6
5623	6
5624	6
5625	2
5626	3
5627	4
5628	3
5629	3
5630	6
5631	1
5632	1
5633	3
5634	1
5635	3
5636	1
5637	6
5638	2
5639	2
5640	3
5641	2
5642	1
5643	5
5644	5
5645	5
5646	4
5647	3
5648	2
5649	4
5650	5
5651	5
5652	5
5653	5
5654	5
5655	3
5656	2
5657	4
5658	4
5659	6
5660	6
5661	6
5662	6
5663	1
5664	2
5665	3
5666	4
5667	4
5668	5
5669	1
5670	1
5671	6
5672	2
5673	1
5674	2
5675	3
5676	2
5677	4
5678	5
5679	1
5680	1
5681	6
5682	6
5683	2
5684	2
5685	4
5686	5
5687	5
5688	5
5689	1
5690	4
5691	6
5692	5
5693	3
5694	4
5695	1
5696	4
5697	5
5698	4
5699	4
5700	4
5701	1
5702	2
5703	1
5704	4
5705	5
5706	3
5707	5
5708	3
5709	3
5710	6
5711	6
5712	4
5713	6
5714	4
5715	6
5716	1
5717	5
5718	2
5719	1
5720	4
5721	3
5722	6
5723	4
5724	5
5725	5
5726	2
5727	6
5728	1
5729	2
5730	5
5731	4
5732	5
5733	3
5734	4
5735	3
5736	5
5737	6
5738	2
5739	4
5740	4
5741	5
5742	4
5743	4
5744	4
5745	4
5746	1
5747	3
5748	6
5749	3
5750	4
5751	1
5752	3
5753	2
5754	5
5755	2
5756	6
5757	2
5758	1
5759	4
5760	2
5761	6
5762	4
5763	1
5764	6
5765	2
5766	4
5767	1
5768	4
5769	5
5770	5
5771	2
5772	2
5773	1
5774	5
5775	5
5776	6
5777	2
5778	1
5779	4
5780	1
5781	2
5782	1
5783	6
5784	5
5785	3
5786	3
5787	6
5788	2
5789	5
5790	2
5791	5
5792	3
5793	2
5794	3
5795	5
5796	6
5797	6
5798	3
5799	1
5800	3
5801	4
5802	6
5803	4
5804	5
5805	6
5806	5
5807	5
5808	3
5809	1
5810	1
5811	2
5812	2
5813	6
5814	2
5815	6
5816	2
5817	2
5818	5
5819	3
5820	5
5821	5
5822	6
5823	2
5824	1
5825	6
5826	3
5827	5
5828	2
5829	6
5830	5
5831	4
5832	3
5833	5
5834	2
5835	6
5836	3
5837	6
5838	3
5839	3
5840	5
5841	4
5842	3
5843	6
5844	6
5845	5
5846	5
5847	3
5848	5
5849	4
5850	6
5851	2
5852	4
5853	5
5854	4
5855	1
5856	4
5857	4
5858	5
5859	5
5860	2
5861	1
5862	3
5863	6
5864	4
5865	5
5866	5
5867	4
5868	4
5869	5
5870	2
5871	6
5872	4
5873	5
5874	4
5875	6
5876	4
5877	3
5878	1
5879	3
5880	2
5881	1
5882	1
5883	3
5884	1
5885	4
5886	2
5887	3
5888	3
5889	3
5890	2
5891	4
5892	6
5893	1
5894	3
5895	1
5896	5
5897	4
5898	4
5899	5
5900	2
5901	4
5902	6
5903	6
5904	2
5905	3
5906	4
5907	6
5908	2
5909	3
5910	6
5911	5
5912	6
5913	6
5914	3
5915	3
5916	1
5917	1
5918	6
5919	5
5920	5
5921	3
5922	5
5923	3
5924	4
5925	4
5926	6
5927	6
5928	6
5929	5
5930	5
5931	2
5932	3
5933	5
5934	4
5935	4
5936	1
5937	4
5938	5
5939	6
5940	6
5941	2
5942	4
5943	2
5944	1
5945	6
5946	2
5947	4
5948	3
5949	6
5950	2
5951	6
5952	3
5953	2
5954	4
5955	3
5956	6
5957	5
5958	1
5959	4
5960	4
5961	4
5962	4
5963	3
5964	2
5965	5
5966	4
5967	2
5968	6
5969	4
5970	6
5971	3
5972	6
5973	3
5974	3
5975	3
5976	6
5977	2
5978	4
5979	4
5980	2
5981	2
5982	6
5983	6
5984	2
5985	6
5986	2
5987	5
5988	4
5989	1
5990	3
5991	2
5992	1
5993	1
5994	1
5995	1
5996	4
5997	1
5998	2
5999	4
6000	2
6001	1
6002	6
6003	4
6004	6
6005	1
6006	2
6007	5
6008	6
6009	6
6010	4
6011	4
6012	4
6013	1
6014	3
6015	2
6016	6
6017	4
6018	4
6019	4
6020	6
6021	3
6022	3
6023	2
6024	1
6025	3
6026	2
6027	6
6028	2
6029	2
6030	6
6031	2
6032	3
6033	6
6034	1
6035	5
6036	6
6037	4
6038	2
6039	2
6040	3
6041	6
6042	1
6043	5
6044	6
6045	3
6046	6
6047	3
6048	2
6049	3
6050	2
6051	3
6052	4
6053	6
6054	1
6055	5
6056	2
6057	5
6058	1
6059	5
6060	3
6061	4
6062	2
6063	2
6064	4
6065	1
6066	1
6067	6
6068	3
6069	4
6070	6
6071	6
6072	2
6073	1
6074	1
6075	5
6076	5
6077	4
6078	4
6079	4
6080	3
6081	6
6082	2
6083	2
6084	1
6085	5
6086	4
6087	3
6088	2
6089	3
6090	6
6091	1
6092	4
6093	1
6094	5
6095	6
6096	5
6097	3
6098	5
6099	2
6100	4
6101	1
6102	5
6103	6
6104	6
6105	5
6106	4
6107	6
6108	6
6109	1
6110	1
6111	3
6112	5
6113	6
6114	1
6115	1
6116	3
6117	4
6118	2
6119	4
6120	1
6121	4
6122	3
6123	3
6124	6
6125	2
6126	1
6127	4
6128	6
6129	2
6130	4
6131	6
6132	5
6133	6
6134	2
6135	5
6136	3
6137	3
6138	2
6139	5
6140	6
6141	3
6142	5
6143	6
6144	6
6145	1
6146	5
6147	2
6148	5
6149	6
6150	2
6151	5
6152	4
6153	3
6154	1
6155	3
6156	5
6157	4
6158	6
6159	2
6160	3
6161	5
6162	5
6163	4
6164	4
6165	2
6166	4
6167	2
6168	1
6169	4
6170	1
6171	5
6172	4
6173	6
6174	2
6175	4
6176	5
6177	1
6178	5
6179	4
6180	5
6181	3
6182	4
6183	4
6184	3
6185	4
6186	5
6187	4
6188	1
6189	2
6190	5
6191	3
6192	6
6193	5
6194	2
6195	5
6196	1
6197	6
6198	4
6199	3
6200	4
6201	4
6202	1
6203	1
6204	4
6205	6
6206	2
6207	5
6208	1
6209	5
6210	6
6211	2
6212	5
6213	3
6214	3
6215	2
6216	1
6217	1
6218	6
6219	4
6220	1
6221	5
6222	3
6223	2
6224	4
6225	6
6226	3
6227	3
6228	1
6229	3
6230	3
6231	6
6232	4
6233	1
6234	5
6235	1
6236	4
6237	1
6238	4
6239	4
6240	4
6241	4
6242	5
6243	1
6244	6
6245	4
6246	3
6247	3
6248	2
6249	5
6250	4
6251	4
6252	1
6253	1
6254	4
6255	3
6256	1
6257	2
6258	3
6259	6
6260	2
6261	5
6262	2
6263	5
6264	6
6265	4
6266	3
6267	3
6268	4
6269	4
6270	4
6271	2
6272	6
6273	6
6274	1
6275	1
6276	4
6277	5
6278	4
6279	3
6280	2
6281	2
6282	1
6283	4
6284	5
6285	3
6286	6
6287	1
6288	1
6289	3
6290	1
6291	2
6292	5
6293	2
6294	2
6295	6
6296	3
6297	6
6298	4
6299	6
6300	6
6301	2
6302	1
6303	4
6304	6
6305	3
6306	2
6307	3
6308	1
6309	3
6310	1
6311	2
6312	1
6313	2
6314	4
6315	3
6316	4
6317	3
6318	6
6319	4
6320	1
6321	4
6322	2
6323	5
6324	4
6325	4
6326	2
6327	5
6328	4
6329	2
6330	4
6331	2
6332	4
6333	1
6334	5
6335	6
6336	1
6337	4
6338	3
6339	3
6340	4
6341	5
6342	2
6343	2
6344	5
6345	1
6346	4
6347	5
6348	6
6349	6
6350	1
6351	1
6352	6
6353	3
6354	6
6355	1
6356	6
6357	2
6358	6
6359	3
6360	6
6361	1
6362	5
6363	6
6364	3
6365	3
6366	5
6367	3
6368	2
6369	5
6370	3
6371	3
6372	3
6373	2
6374	4
6375	2
6376	1
6377	3
6378	2
6379	6
6380	1
6381	1
6382	1
6383	1
6384	6
6385	6
6386	1
6387	1
6388	6
6389	3
6390	3
6391	6
6392	4
6393	6
6394	2
6395	5
6396	1
6397	5
6398	2
6399	3
6400	2
6401	2
6402	2
6403	5
6404	3
6405	2
6406	1
6407	1
6408	4
6409	3
6410	1
6411	6
6412	4
6413	3
6414	5
6415	5
6416	5
6417	3
6418	4
6419	4
6420	3
6421	5
6422	1
6423	5
6424	1
6425	2
6426	1
6427	3
6428	5
6429	6
6430	5
6431	5
6432	3
6433	1
6434	6
6435	4
6436	2
6437	6
6438	1
6439	5
6440	1
6441	4
6442	6
6443	3
6444	3
6445	4
6446	4
6447	5
6448	4
6449	6
6450	4
6451	5
6452	4
6453	6
6454	3
6455	6
6456	6
6457	5
6458	5
6459	3
6460	2
6461	4
6462	2
6463	6
6464	4
6465	3
6466	2
6467	6
6468	6
6469	5
6470	3
6471	2
6472	2
6473	2
6474	4
6475	6
6476	3
6477	5
6478	1
6479	1
6480	2
6481	3
6482	3
6483	3
6484	5
6485	2
6486	5
6487	1
6488	5
6489	2
6490	1
6491	5
6492	6
6493	5
6494	3
6495	3
6496	3
6497	4
6498	6
6499	1
6500	2
6501	5
6502	5
6503	5
6504	1
6505	3
6506	3
6507	6
6508	3
6509	5
6510	6
6511	2
6512	2
6513	2
6514	5
6515	5
6516	1
6517	5
6518	4
6519	1
6520	4
6521	3
6522	1
6523	1
6524	5
6525	4
6526	2
6527	2
6528	3
6529	5
6530	1
6531	4
6532	1
6533	2
6534	4
6535	2
6536	2
6537	2
6538	3
6539	2
6540	1
6541	5
6542	6
6543	5
6544	3
6545	2
6546	3
6547	4
6548	2
6549	5
6550	1
6551	2
6552	1
6553	4
6554	1
6555	6
6556	5
6557	4
6558	2
6559	1
6560	2
6561	2
6562	1
6563	3
6564	1
6565	5
6566	4
6567	3
6568	5
6569	5
6570	6
6571	3
6572	1
6573	5
6574	6
6575	5
6576	4
6577	1
6578	5
6579	6
6580	1
6581	5
6582	5
6583	5
6584	3
6585	5
6586	5
6587	5
6588	4
6589	4
6590	2
6591	3
6592	3
6593	6
6594	5
6595	6
6596	1
6597	5
6598	4
6599	5
6600	4
6601	6
6602	3
6603	6
6604	1
6605	4
6606	2
6607	2
6608	5
6609	3
6610	1
6611	2
6612	5
6613	5
6614	5
6615	6
6616	1
6617	5
6618	2
6619	3
6620	5
6621	3
6622	3
6623	3
6624	1
6625	6
6626	1
6627	3
6628	4
6629	6
6630	3
6631	5
6632	6
6633	1
6634	2
6635	6
6636	1
6637	2
6638	4
6639	2
6640	3
6641	5
6642	6
6643	1
6644	5
6645	2
6646	6
6647	2
6648	1
6649	4
6650	3
6651	6
6652	1
6653	1
6654	5
6655	6
6656	2
6657	2
6658	2
6659	6
6660	3
6661	1
6662	6
6663	4
6664	3
6665	4
6666	4
6667	6
6668	3
6669	2
6670	3
6671	2
6672	6
6673	2
6674	1
6675	4
6676	3
6677	5
6678	3
6679	3
6680	3
6681	2
6682	2
6683	4
6684	2
6685	1
6686	1
6687	3
6688	2
6689	3
6690	4
6691	5
6692	4
6693	4
6694	6
6695	1
6696	4
6697	5
6698	2
6699	5
6700	4
6701	5
6702	1
6703	4
6704	2
6705	2
6706	4
6707	1
6708	2
6709	3
6710	2
6711	4
6712	2
6713	2
6714	5
6715	4
6716	2
6717	6
6718	5
6719	2
6720	5
6721	3
6722	4
6723	5
6724	3
6725	1
6726	4
6727	4
6728	3
6729	1
6730	1
6731	3
6732	2
6733	3
6734	6
6735	3
6736	2
6737	1
6738	5
6739	1
6740	4
6741	3
6742	4
6743	3
6744	4
6745	3
6746	4
6747	5
6748	2
6749	2
6750	6
6751	6
6752	4
6753	1
6754	6
6755	1
6756	5
6757	5
6758	1
6759	4
6760	3
6761	6
6762	4
6763	6
6764	2
6765	1
6766	6
6767	2
6768	3
6769	6
6770	1
6771	2
6772	6
6773	6
6774	2
6775	4
6776	4
6777	5
6778	1
6779	6
6780	4
6781	6
6782	1
6783	3
6784	6
6785	2
6786	3
6787	6
6788	1
6789	5
6790	3
6791	4
6792	1
6793	4
6794	4
6795	5
6796	1
6797	3
6798	2
6799	6
6800	6
6801	6
6802	5
6803	4
6804	5
6805	5
6806	5
6807	1
6808	3
6809	1
6810	1
6811	4
6812	3
6813	5
6814	5
6815	3
6816	4
6817	3
6818	6
6819	1
6820	1
6821	4
6822	6
6823	4
6824	6
6825	4
6826	4
6827	1
6828	6
6829	1
6830	1
6831	3
6832	5
6833	4
6834	5
6835	1
6836	3
6837	1
6838	6
6839	5
6840	1
6841	4
6842	3
6843	3
6844	2
6845	3
6846	6
6847	1
6848	4
6849	5
6850	1
6851	1
6852	4
6853	1
6854	2
6855	4
6856	5
6857	4
6858	3
6859	5
6860	5
6861	5
6862	3
6863	4
6864	1
6865	5
6866	4
6867	2
6868	2
6869	2
6870	6
6871	5
6872	5
6873	4
6874	3
6875	1
6876	1
6877	2
6878	4
6879	1
6880	4
6881	2
6882	5
6883	1
6884	6
6885	6
6886	2
6887	6
6888	5
6889	6
6890	3
6891	2
6892	2
6893	2
6894	1
6895	2
6896	2
6897	2
6898	3
6899	2
6900	5
6901	3
6902	6
6903	3
6904	5
6905	3
6906	6
6907	2
6908	4
6909	3
6910	3
6911	5
6912	5
6913	2
6914	6
6915	4
6916	6
6917	2
6918	2
6919	2
6920	1
6921	5
6922	6
6923	6
6924	2
6925	3
6926	2
6927	5
6928	1
6929	2
6930	2
6931	6
6932	2
6933	4
6934	6
6935	2
6936	4
6937	1
6938	5
6939	3
6940	1
6941	2
6942	4
6943	3
6944	6
6945	5
6946	3
6947	4
6948	1
6949	4
6950	2
6951	1
6952	6
6953	5
6954	1
6955	1
6956	4
6957	3
6958	6
6959	1
6960	4
6961	5
6962	2
6963	1
6964	1
6965	1
6966	4
6967	1
6968	3
6969	6
6970	1
6971	6
6972	6
6973	4
6974	4
6975	6
6976	3
6977	3
6978	3
6979	3
6980	6
6981	3
6982	5
6983	6
6984	4
6985	6
6986	5
6987	1
6988	1
6989	3
6990	1
6991	4
6992	5
6993	3
6994	1
6995	1
6996	2
6997	1
6998	5
6999	2
7000	5
7001	4
7002	1
7003	2
7004	1
7005	5
7006	1
7007	6
7008	2
7009	1
7010	1
7011	4
7012	1
7013	2
7014	2
7015	6
7016	6
7017	5
7018	5
7019	5
7020	4
7021	4
7022	1
7023	1
7024	4
7025	4
7026	6
7027	3
7028	3
7029	4
7030	5
7031	5
7032	1
7033	4
7034	5
7035	1
7036	2
7037	5
7038	1
7039	1
7040	6
7041	5
7042	4
7043	4
7044	3
7045	2
7046	4
7047	5
7048	2
7049	1
7050	6
7051	5
7052	6
7053	3
7054	3
7055	1
7056	2
7057	3
7058	1
7059	5
7060	3
7061	5
7062	2
7063	1
7064	3
7065	2
7066	5
7067	6
7068	4
7069	4
7070	6
7071	5
7072	1
7073	1
7074	3
7075	1
7076	3
7077	1
7078	4
7079	6
7080	5
7081	2
7082	4
7083	5
7084	6
7085	3
7086	6
7087	2
7088	1
7089	1
7090	1
7091	4
7092	1
7093	1
7094	2
7095	5
7096	6
7097	4
7098	3
7099	1
7100	2
7101	1
7102	5
7103	5
7104	3
7105	5
7106	2
7107	5
7108	2
7109	3
7110	6
7111	4
7112	3
7113	4
7114	1
7115	3
7116	2
7117	5
7118	4
7119	4
7120	1
7121	6
7122	3
7123	1
7124	6
7125	4
7126	5
7127	1
7128	3
7129	4
7130	4
7131	1
7132	2
7133	4
7134	2
7135	5
7136	5
7137	1
7138	3
7139	3
7140	1
7141	4
7142	3
7143	6
7144	5
7145	5
7146	5
7147	4
7148	1
7149	4
7150	5
7151	2
7152	6
7153	5
7154	1
7155	5
7156	3
7157	3
7158	6
7159	5
7160	1
7161	4
7162	1
7163	2
7164	6
7165	5
7166	3
7167	3
7168	6
7169	3
7170	2
7171	4
7172	6
7173	3
7174	5
7175	4
7176	4
7177	5
7178	2
7179	4
7180	5
7181	1
7182	3
7183	6
7184	4
7185	6
7186	5
7187	3
7188	2
7189	4
7190	3
7191	5
7192	6
7193	5
7194	4
7195	5
7196	5
7197	5
7198	6
7199	5
7200	2
7201	4
7202	4
7203	2
7204	3
7205	6
7206	6
7207	2
7208	3
7209	5
7210	6
7211	1
7212	1
7213	1
7214	3
7215	6
7216	1
7217	6
7218	1
7219	1
7220	2
7221	2
7222	3
7223	1
7224	6
7225	4
7226	4
7227	2
7228	4
7229	5
7230	2
7231	2
7232	1
7233	5
7234	3
7235	2
7236	4
7237	3
7238	3
7239	2
7240	4
7241	3
7242	1
7243	2
7244	5
7245	5
7246	6
7247	5
7248	1
7249	5
7250	6
7251	6
7252	1
7253	5
7254	6
7255	3
7256	1
7257	3
7258	1
7259	2
7260	1
7261	4
7262	2
7263	3
7264	5
7265	4
7266	2
7267	3
7268	3
7269	6
7270	3
7271	6
7272	4
7273	2
7274	1
7275	4
7276	6
7277	3
7278	5
7279	5
7280	3
7281	2
7282	2
7283	3
7284	6
7285	6
7286	5
7287	2
7288	3
7289	4
7290	5
7291	3
7292	6
7293	6
7294	5
7295	1
7296	3
7297	4
7298	5
7299	4
7300	5
7301	6
7302	2
7303	4
7304	3
7305	3
7306	6
7307	6
7308	2
7309	5
7310	6
7311	6
7312	3
7313	6
7314	4
7315	5
7316	4
7317	4
7318	3
7319	5
7320	1
7321	2
7322	1
7323	2
7324	1
7325	1
7326	6
7327	1
7328	4
7329	3
7330	4
7331	3
7332	3
7333	4
7334	4
7335	4
7336	3
7337	1
7338	2
7339	2
7340	5
7341	4
7342	6
7343	6
7344	6
7345	5
7346	1
7347	5
7348	1
7349	5
7350	5
7351	6
7352	4
7353	1
7354	1
7355	2
7356	2
7357	3
7358	4
7359	5
7360	1
7361	1
7362	2
7363	3
7364	6
7365	1
7366	6
7367	6
7368	1
7369	1
7370	4
7371	5
7372	5
7373	6
7374	1
7375	6
7376	6
7377	5
7378	4
7379	3
7380	2
7381	5
7382	3
7383	3
7384	5
7385	4
7386	1
7387	6
7388	2
7389	1
7390	3
7391	5
7392	1
7393	4
7394	2
7395	2
7396	6
7397	2
7398	5
7399	2
7400	4
7401	3
7402	3
7403	4
7404	6
7405	5
7406	1
7407	5
7408	1
7409	5
7410	2
7411	3
7412	5
7413	2
7414	3
7415	6
7416	2
7417	3
7418	1
7419	1
7420	5
7421	6
7422	6
7423	5
7424	6
7425	5
7426	2
7427	3
7428	2
7429	5
7430	1
7431	1
7432	1
7433	2
7434	3
7435	4
7436	4
7437	3
7438	5
7439	1
7440	5
7441	3
7442	2
7443	6
7444	5
7445	2
7446	5
7447	6
7448	4
7449	4
7450	3
7451	1
7452	4
7453	4
7454	2
7455	2
7456	1
7457	1
7458	1
7459	6
7460	4
7461	3
7462	2
7463	4
7464	2
7465	5
7466	6
7467	3
7468	3
7469	2
7470	4
7471	4
7472	2
7473	2
7474	1
7475	3
7476	2
7477	6
7478	4
7479	2
7480	1
7481	2
7482	2
7483	1
7484	1
7485	4
7486	4
7487	4
7488	5
7489	2
7490	2
7491	3
7492	3
7493	1
7494	2
7495	6
7496	2
7497	1
7498	6
7499	6
7500	3
7501	3
7502	2
7503	6
7504	2
7505	6
7506	6
7507	6
7508	1
7509	6
7510	4
7511	1
7512	5
7513	4
7514	1
7515	2
7516	6
7517	6
7518	3
7519	2
7520	3
7521	1
7522	2
7523	4
7524	6
7525	3
7526	4
7527	6
7528	5
7529	1
7530	1
7531	4
7532	1
7533	5
7534	4
7535	3
7536	3
7537	4
7538	3
7539	4
7540	6
7541	2
7542	2
7543	4
7544	6
7545	6
7546	2
7547	3
7548	6
7549	2
7550	4
7551	3
7552	6
7553	4
7554	1
7555	4
7556	1
7557	6
7558	2
7559	4
7560	5
7561	2
7562	1
7563	1
7564	1
7565	3
7566	3
7567	6
7568	6
7569	5
7570	4
7571	5
7572	6
7573	2
7574	5
7575	6
7576	3
7577	5
7578	6
7579	3
7580	4
7581	6
7582	4
7583	5
7584	2
7585	1
7586	4
7587	5
7588	5
7589	4
7590	4
7591	6
7592	2
7593	4
7594	5
7595	4
7596	1
7597	2
7598	1
7599	2
7600	3
7601	3
7602	3
7603	1
7604	5
7605	2
7606	4
7607	3
7608	1
7609	5
7610	1
7611	1
7612	5
7613	3
7614	5
7615	2
7616	6
7617	4
7618	1
7619	3
7620	6
7621	1
7622	5
7623	1
7624	6
7625	1
7626	2
7627	4
7628	3
7629	4
7630	4
7631	5
7632	6
7633	2
7634	3
7635	6
7636	1
7637	1
7638	4
7639	2
7640	5
7641	3
7642	3
7643	6
7644	3
7645	2
7646	1
7647	3
7648	1
7649	5
7650	6
7651	6
7652	5
7653	6
7654	4
7655	5
7656	4
7657	5
7658	1
7659	3
7660	4
7661	3
7662	4
7663	2
7664	3
7665	2
7666	2
7667	6
7668	2
7669	5
7670	3
7671	1
7672	4
7673	5
7674	4
7675	3
7676	3
7677	5
7678	1
7679	1
7680	6
7681	4
7682	4
7683	6
7684	4
7685	6
7686	3
7687	6
7688	4
7689	5
7690	1
7691	5
7692	6
7693	2
7694	6
7695	3
7696	1
7697	1
7698	5
7699	1
7700	4
7701	1
7702	6
7703	5
7704	1
7705	6
7706	2
7707	6
7708	1
7709	4
7710	5
7711	5
7712	6
7713	1
7714	3
7715	4
7716	5
7717	2
7718	4
7719	2
7720	2
7721	3
7722	2
7723	3
7724	3
7725	1
7726	2
7727	1
7728	5
7729	5
7730	2
7731	2
7732	6
7733	5
7734	5
7735	3
7736	2
7737	6
7738	6
7739	1
7740	5
7741	4
7742	2
7743	1
7744	1
7745	3
7746	1
7747	3
7748	6
7749	5
7750	5
7751	2
7752	3
7753	3
7754	4
7755	6
7756	6
7757	1
7758	2
7759	4
7760	4
7761	2
7762	1
7763	3
7764	4
7765	3
7766	3
7767	4
7768	3
7769	2
7770	3
7771	5
7772	3
7773	4
7774	3
7775	3
7776	6
7777	3
7778	6
7779	2
7780	1
7781	4
7782	5
7783	5
7784	4
7785	6
7786	1
7787	5
7788	6
7789	6
7790	2
7791	6
7792	6
7793	5
7794	6
7795	2
7796	2
7797	6
7798	1
7799	1
7800	3
7801	3
7802	1
7803	1
7804	4
7805	6
7806	4
7807	6
7808	4
7809	3
7810	6
7811	1
7812	4
7813	3
7814	6
7815	6
7816	3
7817	3
7818	1
7819	1
7820	1
7821	6
7822	1
7823	4
7824	1
7825	1
7826	1
7827	1
7828	5
7829	6
7830	1
7831	6
7832	6
7833	5
7834	6
7835	6
7836	1
7837	3
7838	2
7839	3
7840	2
7841	3
7842	3
7843	4
7844	4
7845	5
7846	3
7847	4
7848	1
7849	3
7850	5
7851	5
7852	2
7853	6
7854	6
7855	2
7856	3
7857	3
7858	6
7859	3
7860	1
7861	5
7862	6
7863	1
7864	5
7865	4
7866	1
7867	3
7868	1
7869	5
7870	5
7871	3
7872	5
7873	1
7874	2
7875	5
7876	5
7877	4
7878	3
7879	1
7880	6
7881	2
7882	6
7883	1
7884	2
7885	2
7886	2
7887	5
7888	6
7889	4
7890	6
7891	5
7892	3
7893	6
7894	3
7895	4
7896	5
7897	1
7898	4
7899	6
7900	4
7901	5
7902	2
7903	1
7904	1
7905	1
7906	5
7907	2
7908	2
7909	5
7910	5
7911	6
7912	6
7913	1
7914	3
7915	2
7916	4
7917	4
7918	6
7919	4
7920	4
7921	4
7922	6
7923	4
7924	5
7925	1
7926	5
7927	1
7928	2
7929	2
7930	5
7931	3
7932	6
7933	1
7934	6
7935	2
7936	2
7937	1
7938	6
7939	1
7940	3
7941	4
7942	3
7943	3
7944	2
7945	2
7946	3
7947	4
7948	5
7949	1
7950	4
7951	3
7952	4
7953	6
7954	6
7955	6
7956	6
7957	3
7958	3
7959	4
7960	4
7961	3
7962	5
7963	4
7964	1
7965	5
7966	6
7967	2
7968	6
7969	1
7970	6
7971	1
7972	1
7973	3
7974	2
7975	5
7976	3
7977	1
7978	4
7979	2
7980	5
7981	6
7982	3
7983	3
7984	2
7985	5
7986	2
7987	2
7988	2
7989	4
7990	1
7991	3
7992	1
7993	1
7994	2
7995	1
7996	1
7997	3
7998	5
7999	1
8000	2
8001	6
8002	4
8003	5
8004	6
8005	2
8006	6
8007	3
8008	2
8009	5
8010	5
8011	6
8012	6
8013	1
8014	6
8015	6
8016	4
8017	6
8018	3
8019	3
8020	1
8021	2
8022	3
8023	1
8024	5
8025	6
8026	3
8027	3
8028	5
8029	1
8030	6
8031	4
8032	4
8033	3
8034	2
8035	5
8036	3
8037	5
8038	3
8039	6
8040	3
8041	1
8042	3
8043	5
8044	5
8045	4
8046	2
8047	6
8048	5
8049	2
8050	5
8051	6
8052	6
8053	3
8054	6
8055	6
8056	3
8057	5
8058	4
8059	3
8060	1
8061	2
8062	1
8063	3
8064	2
8065	1
8066	5
8067	6
8068	1
8069	3
8070	6
8071	3
8072	3
8073	3
8074	2
8075	6
8076	4
8077	1
8078	4
8079	5
8080	6
8081	1
8082	4
8083	6
8084	3
8085	1
8086	2
8087	2
8088	3
8089	6
8090	5
8091	3
8092	1
8093	2
8094	4
8095	3
8096	6
8097	1
8098	2
8099	6
8100	6
8101	6
8102	3
8103	1
8104	6
8105	4
8106	5
8107	3
8108	6
8109	6
8110	3
8111	6
8112	2
8113	4
8114	3
8115	3
8116	6
8117	2
8118	6
8119	4
8120	4
8121	5
8122	3
8123	5
8124	5
8125	6
8126	2
8127	1
8128	2
8129	3
8130	4
8131	3
8132	4
8133	2
8134	2
8135	6
8136	6
8137	2
8138	3
8139	2
8140	1
8141	4
8142	4
8143	4
8144	4
8145	4
8146	6
8147	1
8148	3
8149	2
8150	6
8151	1
8152	3
8153	1
8154	3
8155	5
8156	4
8157	1
8158	1
8159	1
8160	6
8161	6
8162	3
8163	1
8164	5
8165	3
8166	3
8167	1
8168	6
8169	6
8170	6
8171	3
8172	3
8173	5
8174	5
8175	5
8176	4
8177	4
8178	5
8179	2
8180	1
8181	1
8182	5
8183	5
8184	1
8185	5
8186	1
8187	6
8188	6
8189	1
8190	2
8191	4
8192	1
8193	1
8194	6
8195	6
8196	3
8197	3
8198	5
8199	1
8200	3
8201	4
8202	5
8203	5
8204	4
8205	3
8206	5
8207	6
8208	3
8209	1
8210	2
8211	3
8212	3
8213	6
8214	6
8215	4
8216	4
8217	2
8218	3
8219	3
8220	4
8221	2
8222	2
8223	3
8224	3
8225	5
8226	1
8227	2
8228	1
8229	1
8230	4
8231	4
8232	4
8233	4
8234	5
8235	4
8236	5
8237	6
8238	3
8239	2
8240	5
8241	6
8242	3
8243	5
8244	1
8245	2
8246	3
8247	6
8248	1
8249	1
8250	4
8251	5
8252	2
8253	1
8254	1
8255	2
8256	5
8257	6
8258	6
8259	1
8260	4
8261	3
8262	3
8263	6
8264	6
8265	4
8266	1
8267	3
8268	2
8269	5
8270	3
8271	6
8272	4
8273	4
8274	6
8275	5
8276	3
8277	3
8278	5
8279	4
8280	3
8281	5
8282	6
8283	5
8284	2
8285	5
8286	2
8287	5
8288	1
8289	1
8290	1
8291	5
8292	4
8293	2
8294	5
8295	2
8296	2
8297	5
8298	5
8299	3
8300	1
8301	6
8302	3
8303	5
8304	2
8305	3
8306	2
8307	4
8308	5
8309	1
8310	6
8311	5
8312	4
8313	3
8314	2
8315	1
8316	1
8317	1
8318	3
8319	1
8320	3
8321	2
8322	6
8323	1
8324	4
8325	1
8326	5
8327	2
8328	6
8329	1
8330	5
8331	5
8332	3
8333	5
8334	4
8335	3
8336	6
8337	2
8338	5
8339	4
8340	5
8341	3
8342	3
8343	4
8344	4
8345	5
8346	4
8347	4
8348	3
8349	5
8350	3
8351	4
8352	3
8353	6
8354	4
8355	4
8356	1
8357	5
8358	3
8359	6
8360	3
8361	4
8362	1
8363	4
8364	5
8365	3
8366	3
8367	5
8368	3
8369	3
8370	1
8371	2
8372	2
8373	2
8374	5
8375	6
8376	3
8377	2
8378	4
8379	4
8380	6
8381	4
8382	6
8383	1
8384	5
8385	4
8386	5
8387	1
8388	1
8389	1
8390	4
8391	2
8392	6
8393	4
8394	5
8395	1
8396	5
8397	3
8398	5
8399	6
8400	1
8401	6
8402	1
8403	1
8404	5
8405	2
8406	5
8407	6
8408	4
8409	3
8410	6
8411	6
8412	3
8413	5
8414	3
8415	2
8416	5
8417	1
8418	2
8419	1
8420	4
8421	3
8422	4
8423	3
8424	2
8425	6
8426	3
8427	1
8428	6
8429	4
8430	5
8431	1
8432	3
8433	4
8434	4
8435	6
8436	6
8437	2
8438	1
8439	2
8440	5
8441	4
8442	2
8443	1
8444	2
8445	3
8446	4
8447	6
8448	6
8449	3
8450	6
8451	1
8452	2
8453	1
8454	3
8455	1
8456	3
8457	4
8458	1
8459	1
8460	3
8461	2
8462	3
8463	1
8464	5
8465	3
8466	3
8467	4
8468	5
8469	6
8470	6
8471	3
8472	3
8473	6
8474	2
8475	6
8476	1
8477	4
8478	4
8479	5
8480	5
8481	3
8482	4
8483	5
8484	1
8485	1
8486	1
8487	6
8488	1
8489	4
8490	2
8491	2
8492	6
8493	4
8494	6
8495	1
8496	5
8497	3
8498	1
8499	5
8500	1
8501	4
8502	5
8503	3
8504	3
8505	3
8506	4
8507	1
8508	3
8509	1
8510	5
8511	5
8512	5
8513	5
8514	6
8515	1
8516	1
8517	6
8518	4
8519	2
8520	1
8521	4
8522	4
8523	6
8524	4
8525	2
8526	2
8527	4
8528	1
8529	5
8530	5
8531	5
8532	4
8533	6
8534	1
8535	2
8536	3
8537	5
8538	5
8539	5
8540	5
8541	3
8542	2
8543	4
8544	4
8545	3
8546	2
8547	3
8548	6
8549	4
8550	3
8551	4
8552	2
8553	6
8554	1
8555	4
8556	3
8557	2
8558	1
8559	6
8560	3
8561	3
8562	5
8563	2
8564	2
8565	5
8566	1
8567	6
8568	6
8569	1
8570	3
8571	5
8572	1
8573	5
8574	3
8575	4
8576	4
8577	3
8578	6
8579	1
8580	2
8581	3
8582	2
8583	4
8584	2
8585	1
8586	3
8587	6
8588	6
8589	4
8590	1
8591	5
8592	3
8593	2
8594	3
8595	1
8596	6
8597	5
8598	1
8599	4
8600	3
8601	5
8602	5
8603	3
8604	3
8605	1
8606	4
8607	6
8608	6
8609	3
8610	4
8611	1
8612	5
8613	3
8614	3
8615	2
8616	1
8617	2
8618	5
8619	5
8620	3
8621	4
8622	2
8623	1
8624	3
8625	3
8626	4
8627	6
8628	4
8629	2
8630	3
8631	3
8632	5
8633	1
8634	6
8635	6
8636	3
8637	5
8638	5
8639	2
8640	3
8641	1
8642	4
8643	5
8644	4
8645	1
8646	1
8647	1
8648	3
8649	6
8650	1
8651	2
8652	1
8653	1
8654	3
8655	4
8656	4
8657	6
8658	5
8659	1
8660	3
8661	6
8662	4
8663	2
8664	5
8665	3
8666	1
8667	4
8668	2
8669	1
8670	4
8671	5
8672	5
8673	4
8674	5
8675	6
8676	6
8677	4
8678	2
8679	3
8680	1
8681	4
8682	5
8683	5
8684	4
8685	6
8686	2
8687	1
8688	3
8689	5
8690	5
8691	6
8692	5
8693	4
8694	2
8695	6
8696	3
8697	4
8698	1
8699	4
8700	4
8701	6
8702	5
8703	6
8704	5
8705	3
8706	2
8707	2
8708	4
8709	4
8710	2
8711	5
8712	5
8713	2
8714	5
8715	2
8716	4
8717	4
8718	3
8719	6
8720	3
8721	1
8722	4
8723	4
8724	3
8725	1
8726	4
8727	1
8728	5
8729	2
8730	5
8731	5
8732	5
8733	6
8734	4
8735	4
8736	3
8737	5
8738	2
8739	3
8740	2
8741	1
8742	2
8743	6
8744	5
8745	1
8746	3
8747	6
8748	2
8749	5
8750	1
8751	1
8752	6
8753	5
8754	3
8755	3
8756	4
8757	2
8758	1
8759	3
8760	5
8761	5
8762	1
8763	2
8764	5
8765	2
8766	1
8767	6
8768	5
8769	2
8770	3
8771	1
8772	5
8773	6
8774	3
8775	4
8776	3
8777	6
8778	5
8779	3
8780	2
8781	4
8782	2
8783	1
8784	3
8785	4
8786	2
8787	1
8788	1
8789	5
8790	6
8791	6
8792	2
8793	6
8794	1
8795	4
8796	1
8797	6
8798	3
8799	3
8800	3
8801	6
8802	5
8803	4
8804	2
8805	6
8806	4
8807	1
8808	3
8809	6
8810	6
8811	3
8812	5
8813	5
8814	5
8815	6
8816	5
8817	5
8818	4
8819	1
8820	4
8821	2
8822	1
8823	6
8824	6
8825	2
8826	3
8827	5
8828	3
8829	5
8830	3
8831	6
8832	1
8833	5
8834	5
8835	6
8836	6
8837	6
8838	6
8839	2
8840	6
8841	4
8842	3
8843	6
8844	2
8845	5
8846	3
8847	3
8848	3
8849	5
8850	6
8851	2
8852	5
8853	1
8854	2
8855	3
8856	2
8857	4
8858	1
8859	6
8860	4
8861	5
8862	3
8863	2
8864	1
8865	3
8866	2
8867	5
8868	5
8869	1
8870	1
8871	3
8872	3
8873	4
8874	3
8875	2
8876	6
8877	1
8878	4
8879	6
8880	5
8881	3
8882	4
8883	2
8884	6
8885	1
8886	2
8887	4
8888	6
8889	3
8890	2
8891	5
8892	5
8893	4
8894	5
8895	3
8896	3
8897	3
8898	1
8899	6
8900	2
8901	6
8902	1
8903	6
8904	6
8905	5
8906	3
8907	5
8908	6
8909	6
8910	1
8911	3
8912	6
8913	4
8914	2
8915	3
8916	1
8917	2
8918	4
8919	5
8920	3
8921	5
8922	3
8923	3
8924	5
8925	1
8926	4
8927	6
8928	3
8929	2
8930	4
8931	6
8932	6
8933	2
8934	2
8935	1
8936	3
8937	1
8938	3
8939	6
8940	2
8941	4
8942	2
8943	4
8944	2
8945	1
8946	3
8947	5
8948	5
8949	6
8950	6
8951	1
8952	4
8953	4
8954	2
8955	4
8956	6
8957	3
8958	1
8959	1
8960	4
8961	6
8962	3
8963	3
8964	3
8965	4
8966	3
8967	4
8968	6
8969	1
8970	3
8971	3
8972	1
8973	3
8974	1
8975	4
8976	3
8977	5
8978	4
8979	2
8980	3
8981	5
8982	2
8983	1
8984	3
8985	5
8986	2
8987	6
8988	5
8989	2
8990	6
8991	2
8992	2
8993	1
8994	1
8995	6
8996	1
8997	6
8998	5
8999	4
9000	5
9001	6
9002	5
9003	5
9004	5
9005	3
9006	2
9007	1
9008	5
9009	6
9010	4
9011	6
9012	6
9013	1
9014	2
9015	1
9016	1
9017	6
9018	1
9019	4
9020	3
9021	4
9022	1
9023	1
9024	3
9025	5
9026	4
9027	3
9028	2
9029	6
9030	6
9031	1
9032	3
9033	6
9034	5
9035	3
9036	3
9037	4
9038	3
9039	6
9040	6
9041	2
9042	3
9043	2
9044	4
9045	6
9046	3
9047	3
9048	4
9049	4
9050	5
9051	3
9052	3
9053	2
9054	6
9055	2
9056	6
9057	4
9058	3
9059	6
9060	3
9061	6
9062	4
9063	5
9064	4
9065	2
9066	6
9067	1
9068	5
9069	2
9070	4
9071	6
9072	3
9073	3
9074	3
9075	3
9076	3
9077	4
9078	2
9079	3
9080	6
9081	3
9082	1
9083	2
9084	6
9085	6
9086	2
9087	3
9088	4
9089	5
9090	5
9091	5
9092	1
9093	4
9094	3
9095	3
9096	4
9097	5
9098	6
9099	4
9100	2
9101	2
9102	6
9103	4
9104	6
9105	6
9106	1
9107	5
9108	1
9109	3
9110	1
9111	6
9112	1
9113	1
9114	1
9115	3
9116	6
9117	1
9118	4
9119	3
9120	2
9121	5
9122	5
9123	1
9124	6
9125	5
9126	4
9127	2
9128	2
9129	2
9130	2
9131	6
9132	5
9133	2
9134	6
9135	2
9136	1
9137	4
9138	3
9139	5
9140	6
9141	5
9142	6
9143	4
9144	4
9145	6
9146	4
9147	5
9148	1
9149	3
9150	6
9151	2
9152	5
9153	5
9154	1
9155	2
9156	3
9157	2
9158	4
9159	1
9160	1
9161	1
9162	6
9163	3
9164	3
9165	6
9166	2
9167	3
9168	4
9169	2
9170	4
9171	2
9172	1
9173	1
9174	2
9175	2
9176	2
9177	3
9178	5
9179	4
9180	4
9181	1
9182	5
9183	6
9184	6
9185	6
9186	6
9187	6
9188	3
9189	2
9190	2
9191	2
9192	2
9193	5
9194	3
9195	2
9196	6
9197	6
9198	5
9199	4
9200	6
9201	3
9202	1
9203	6
9204	3
9205	1
9206	5
9207	4
9208	2
9209	2
9210	4
9211	4
9212	5
9213	5
9214	6
9215	5
9216	1
9217	1
9218	3
9219	3
9220	3
9221	3
9222	5
9223	1
9224	2
9225	3
9226	3
9227	5
9228	6
9229	1
9230	1
9231	2
9232	4
9233	5
9234	5
9235	6
9236	5
9237	6
9238	5
9239	1
9240	2
9241	6
9242	1
9243	6
9244	3
9245	5
9246	2
9247	2
9248	3
9249	1
9250	2
9251	1
9252	2
9253	2
9254	2
9255	1
9256	3
9257	4
9258	5
9259	3
9260	2
9261	5
9262	4
9263	6
9264	1
9265	5
9266	3
9267	6
9268	2
9269	3
9270	5
9271	4
9272	5
9273	6
9274	2
9275	5
9276	5
9277	5
9278	5
9279	4
9280	2
9281	1
9282	3
9283	4
9284	2
9285	4
9286	6
9287	1
9288	4
9289	1
9290	5
9291	3
9292	4
9293	2
9294	2
9295	1
9296	2
9297	6
9298	5
9299	2
9300	1
9301	5
9302	2
9303	1
9304	6
9305	2
9306	5
9307	6
9308	2
9309	3
9310	1
9311	5
9312	4
9313	2
9314	1
9315	1
9316	5
9317	6
9318	1
9319	2
9320	6
9321	5
9322	3
9323	2
9324	1
9325	2
9326	2
9327	4
9328	1
9329	2
9330	4
9331	2
9332	1
9333	3
9334	5
9335	1
9336	2
9337	2
9338	3
9339	2
9340	2
9341	4
9342	3
9343	6
9344	6
9345	5
9346	2
9347	5
9348	3
9349	3
9350	6
9351	5
9352	5
9353	3
9354	5
9355	6
9356	1
9357	4
9358	4
9359	2
9360	4
9361	2
9362	4
9363	5
9364	3
9365	3
9366	2
9367	6
9368	2
9369	6
9370	3
9371	4
9372	5
9373	6
9374	5
9375	6
9376	4
9377	6
9378	6
9379	6
9380	2
9381	1
9382	2
9383	5
9384	6
9385	1
9386	1
9387	1
9388	4
9389	4
9390	3
9391	3
9392	1
9393	3
9394	2
9395	3
9396	3
9397	4
9398	3
9399	3
9400	6
9401	6
9402	4
9403	4
9404	2
9405	1
9406	1
9407	1
9408	3
9409	2
9410	4
9411	2
9412	4
9413	2
9414	2
9415	1
9416	4
9417	1
9418	3
9419	6
9420	3
9421	4
9422	1
9423	4
9424	5
9425	3
9426	5
9427	1
9428	4
9429	6
9430	5
9431	1
9432	2
9433	2
9434	1
9435	4
9436	4
9437	2
9438	4
9439	6
9440	6
9441	1
9442	6
9443	4
9444	1
9445	6
9446	2
9447	3
9448	5
9449	4
9450	3
9451	6
9452	5
9453	1
9454	2
9455	5
9456	2
9457	4
9458	4
9459	5
9460	5
9461	1
9462	1
9463	2
9464	1
9465	5
9466	3
9467	1
9468	6
9469	6
9470	4
9471	4
9472	4
9473	3
9474	6
9475	1
9476	4
9477	4
9478	6
9479	2
9480	6
9481	2
9482	2
9483	1
9484	6
9485	1
9486	4
9487	2
9488	1
9489	1
9490	4
9491	5
9492	3
9493	6
9494	4
9495	4
9496	6
9497	5
9498	1
9499	3
9500	2
9501	1
9502	4
9503	1
9504	2
9505	2
9506	4
9507	5
9508	2
9509	4
9510	5
9511	1
9512	5
9513	1
9514	2
9515	5
9516	5
9517	5
9518	5
9519	6
9520	6
9521	3
9522	6
9523	5
9524	6
9525	6
9526	2
9527	5
9528	4
9529	5
9530	6
9531	6
9532	4
9533	5
9534	6
9535	3
9536	2
9537	2
9538	4
9539	6
9540	2
9541	2
9542	1
9543	3
9544	4
9545	6
9546	4
9547	4
9548	3
9549	3
9550	6
9551	6
9552	5
9553	6
9554	6
9555	3
9556	2
9557	6
9558	3
9559	4
9560	2
9561	5
9562	6
9563	4
9564	5
9565	4
9566	2
9567	4
9568	4
9569	6
9570	2
9571	4
9572	4
9573	6
9574	2
9575	4
9576	6
9577	2
9578	2
9579	1
9580	1
9581	6
9582	5
9583	3
9584	4
9585	3
9586	5
9587	1
9588	1
9589	5
9590	3
9591	5
9592	3
9593	6
9594	6
9595	3
9596	3
9597	2
9598	3
9599	3
9600	6
9601	4
9602	3
9603	5
9604	1
9605	6
9606	4
9607	2
9608	2
9609	2
9610	2
9611	1
9612	6
9613	3
9614	3
9615	5
9616	4
9617	1
9618	4
9619	3
9620	6
9621	5
9622	5
9623	5
9624	3
9625	3
9626	4
9627	5
9628	2
9629	3
9630	2
9631	4
9632	2
9633	6
9634	4
9635	5
9636	3
9637	1
9638	6
9639	5
9640	3
9641	5
9642	6
9643	3
9644	6
9645	5
9646	3
9647	3
9648	4
9649	4
9650	6
9651	2
9652	2
9653	3
9654	1
9655	3
9656	2
9657	4
9658	2
9659	3
9660	2
9661	6
9662	5
9663	1
9664	2
9665	3
9666	4
9667	5
9668	5
9669	2
9670	3
9671	2
9672	6
9673	6
9674	1
9675	1
9676	3
9677	2
9678	5
9679	4
9680	1
9681	5
9682	6
9683	4
9684	3
9685	6
9686	3
9687	2
9688	5
9689	4
9690	4
9691	2
9692	2
9693	6
9694	6
9695	2
9696	2
9697	6
9698	5
9699	3
9700	5
9701	6
9702	6
9703	1
9704	5
9705	2
9706	5
9707	3
9708	5
9709	2
9710	6
9711	4
9712	2
9713	5
9714	3
9715	5
9716	2
9717	5
9718	6
9719	6
9720	2
9721	2
9722	4
9723	1
9724	3
9725	2
9726	6
9727	4
9728	2
9729	3
9730	1
9731	4
9732	1
9733	4
9734	2
9735	3
9736	6
9737	2
9738	4
9739	1
9740	3
9741	2
9742	4
9743	2
9744	3
9745	6
9746	4
9747	1
9748	4
9749	4
9750	1
9751	2
9752	4
9753	4
9754	3
9755	2
9756	5
9757	6
9758	5
9759	3
9760	5
9761	3
9762	1
9763	5
9764	2
9765	2
9766	2
9767	3
9768	4
9769	2
9770	2
9771	3
9772	5
9773	1
9774	3
9775	5
9776	5
9777	4
9778	5
9779	1
9780	6
9781	5
9782	5
9783	1
9784	4
9785	1
9786	3
9787	3
9788	6
9789	2
9790	1
9791	4
9792	3
9793	2
9794	2
9795	4
9796	3
9797	6
9798	3
9799	4
9800	3
9801	1
9802	1
9803	4
9804	2
9805	2
9806	1
9807	6
9808	4
9809	6
9810	6
9811	4
9812	4
9813	1
9814	4
9815	5
9816	2
9817	5
9818	2
9819	2
9820	5
9821	4
9822	5
9823	2
9824	4
9825	5
9826	1
9827	4
9828	3
9829	4
9830	6
9831	1
9832	3
9833	6
9834	1
9835	5
9836	5
9837	3
9838	1
9839	1
9840	2
9841	3
9842	6
9843	3
9844	2
9845	5
9846	6
9847	4
9848	1
9849	4
9850	6
9851	3
9852	3
9853	1
9854	4
9855	2
9856	4
9857	4
9858	1
9859	1
9860	4
9861	1
9862	3
9863	2
9864	2
9865	2
9866	2
9867	3
9868	6
9869	1
9870	6
9871	1
9872	4
9873	6
9874	4
9875	1
9876	1
9877	1
9878	5
9879	2
9880	1
9881	5
9882	6
9883	2
9884	4
9885	6
9886	3
9887	6
9888	1
9889	6
9890	2
9891	5
9892	2
9893	4
9894	2
9895	2
9896	1
9897	4
9898	3
9899	1
9900	6
9901	3
9902	1
9903	4
9904	4
9905	4
9906	2
9907	6
9908	2
9909	4
9910	3
9911	6
9912	1
9913	1
9914	4
9915	4
9916	5
9917	3
9918	4
9919	2
9920	4
9921	6
9922	2
9923	1
9924	4
9925	5
9926	4
9927	1
9928	4
9929	2
9930	2
9931	2
9932	1
9933	4
9934	1
9935	6
9936	1
9937	5
9938	3
9939	2
9940	4
9941	6
9942	5
9943	2
9944	2
9945	3
9946	6
9947	3
9948	1
9949	2
9950	6
9951	6
9952	6
9953	1
9954	2
9955	5
9956	4
9957	2
9958	3
9959	4
9960	1
9961	4
9962	1
9963	3
9964	2
9965	3
9966	5
9967	6
9968	4
9969	3
9970	6
9971	4
9972	1
9973	4
9974	5
9975	6
9976	6
9977	3
9978	2
9979	4
9980	5
9981	2
9982	2
9983	1
9984	5
9985	3
9986	1
9987	3
9988	4
9989	4
9990	5
9991	4
9992	2
9993	6
9994	2
9995	4
9996	1
9997	3
9998	3
9999	1
10000	1
