1	4
2	1
3	4
4	3
5	3
6	4
7	1
8	4
9	4
10	3
11	4
12	4
13	2
14	3
15	2
16	3
17	4
18	4
19	1
20	1
21	2
22	4
23	4
24	1
25	2
26	1
27	2
28	3
29	2
30	3
31	3
32	3
33	2
34	3
35	2
36	2
37	1
38	4
39	2
40	3
41	2
42	4
43	2
44	4
45	4
46	3
47	2
48	2
49	3
50	3
51	1
52	2
53	2
54	1
55	3
56	4
57	2
58	3
59	2
60	1
61	2
62	1
63	2
64	3
65	4
66	2
67	2
68	1
69	3
70	3
71	4
72	2
73	4
74	3
75	2
76	2
77	4
78	1
79	1
80	4
81	4
82	2
83	1
84	1
85	3
86	3
87	3
88	1
89	3
90	3
91	2
92	4
93	3
94	1
95	2
96	3
97	1
98	4
99	4
100	3
101	2
102	4
103	4
104	2
105	2
106	2
107	2
108	1
109	4
110	4
111	3
112	2
113	3
114	3
115	2
116	3
117	4
118	2
119	3
120	3
121	3
122	3
123	4
124	4
125	2
126	3
127	3
128	4
129	1
130	1
131	2
132	1
133	2
134	1
135	4
136	2
137	1
138	4
139	3
140	3
141	3
142	4
143	2
144	4
145	2
146	4
147	2
148	3
149	3
150	3
151	4
152	3
153	4
154	3
155	4
156	2
157	1
158	3
159	2
160	4
161	4
162	1
163	2
164	2
165	1
166	1
167	4
168	2
169	3
170	2
171	3
172	4
173	1
174	4
175	4
176	1
177	2
178	2
179	2
180	2
181	3
182	3
183	3
184	3
185	1
186	3
187	1
188	1
189	2
190	4
191	3
192	2
193	2
194	3
195	1
196	1
197	2
198	2
199	4
200	4
201	1
202	4
203	3
204	1
205	2
206	2
207	3
208	3
209	4
210	2
211	1
212	1
213	3
214	1
215	2
216	2
217	2
218	4
219	3
220	3
221	2
222	2
223	1
224	1
225	4
226	2
227	4
228	1
229	4
230	4
231	1
232	1
233	4
234	4
235	4
236	4
237	3
238	1
239	2
240	2
241	4
242	2
243	4
244	2
245	2
246	1
247	4
248	1
249	1
250	1
251	4
252	3
253	2
254	4
255	4
256	1
257	4
258	3
259	3
260	1
261	3
262	3
263	2
264	2
265	3
266	1
267	2
268	2
269	3
270	1
271	2
272	1
273	3
274	3
275	1
276	2
277	2
278	3
279	4
280	4
281	4
282	4
283	4
284	1
285	2
286	1
287	2
288	1
289	4
290	3
291	4
292	3
293	4
294	4
295	3
296	1
297	1
298	4
299	1
300	1
301	3
302	1
303	3
304	2
305	1
306	4
307	2
308	4
309	2
310	3
311	2
312	2
313	4
314	4
315	4
316	1
317	4
318	1
319	1
320	4
321	1
322	1
323	1
324	2
325	2
326	4
327	4
328	3
329	4
330	4
331	2
332	2
333	4
334	3
335	2
336	2
337	1
338	2
339	4
340	2
341	4
342	2
343	4
344	2
345	2
346	2
347	3
348	4
349	2
350	3
351	4
352	2
353	3
354	2
355	1
356	3
357	2
358	1
359	4
360	4
361	3
362	2
363	2
364	1
365	4
366	1
367	2
368	3
369	3
370	2
371	1
372	4
373	2
374	4
375	2
376	3
377	4
378	2
379	1
380	2
381	3
382	2
383	4
384	1
385	1
386	4
387	2
388	3
389	1
390	1
391	1
392	4
393	3
394	3
395	1
396	4
397	2
398	3
399	3
400	2
401	2
402	2
403	1
404	4
405	4
406	2
407	4
408	3
409	4
410	3
411	1
412	3
413	2
414	3
415	4
416	1
417	2
418	4
419	4
420	2
421	1
422	1
423	1
424	1
425	3
426	1
427	3
428	1
429	4
430	1
431	4
432	3
433	2
434	3
435	4
436	3
437	2
438	3
439	2
440	1
441	2
442	3
443	1
444	2
445	4
446	3
447	3
448	4
449	4
450	4
451	1
452	4
453	2
454	4
455	1
456	1
457	1
458	3
459	2
460	4
461	2
462	1
463	2
464	2
465	4
466	1
467	3
468	4
469	3
470	2
471	4
472	3
473	4
474	1
475	2
476	4
477	3
478	1
479	2
480	3
481	2
482	3
483	1
484	1
485	2
486	3
487	1
488	3
489	1
490	3
491	4
492	3
493	4
494	4
495	1
496	2
497	3
498	1
499	1
500	2
501	1
502	1
503	1
504	3
505	2
506	1
507	1
508	4
509	3
510	3
511	4
512	1
513	3
514	2
515	3
516	2
517	2
518	3
519	3
520	4
521	4
522	2
523	4
524	1
525	2
526	1
527	4
528	2
529	2
530	3
531	4
532	4
533	3
534	3
535	1
536	3
537	1
538	1
539	1
540	1
541	3
542	2
543	1
544	1
545	3
546	3
547	1
548	4
549	4
550	4
551	2
552	3
553	1
554	2
555	4
556	3
557	1
558	2
559	2
560	3
561	2
562	2
563	1
564	1
565	3
566	4
567	1
568	3
569	1
570	1
571	3
572	3
573	4
574	1
575	1
576	3
577	2
578	2
579	3
580	2
581	1
582	2
583	2
584	3
585	3
586	1
587	2
588	4
589	3
590	4
591	3
592	3
593	1
594	3
595	4
596	4
597	3
598	2
599	3
600	1
601	3
602	3
603	1
604	3
605	3
606	4
607	2
608	2
609	2
610	3
611	3
612	2
613	4
614	3
615	1
616	2
617	1
618	4
619	1
620	1
621	2
622	4
623	4
624	4
625	3
626	1
627	2
628	2
629	2
630	4
631	4
632	2
633	1
634	1
635	4
636	4
637	4
638	1
639	1
640	1
641	1
642	2
643	3
644	3
645	2
646	3
647	4
648	3
649	1
650	2
651	3
652	2
653	4
654	2
655	1
656	1
657	3
658	3
659	1
660	2
661	4
662	3
663	4
664	2
665	3
666	1
667	2
668	4
669	3
670	2
671	2
672	3
673	4
674	1
675	4
676	4
677	4
678	3
679	2
680	1
681	1
682	3
683	2
684	2
685	2
686	2
687	2
688	2
689	2
690	2
691	2
692	2
693	3
694	3
695	4
696	1
697	3
698	4
699	1
700	4
701	1
702	1
703	2
704	2
705	1
706	3
707	4
708	4
709	1
710	1
711	2
712	3
713	3
714	1
715	3
716	1
717	1
718	4
719	2
720	1
721	3
722	3
723	3
724	3
725	1
726	2
727	2
728	4
729	4
730	4
731	2
732	3
733	1
734	3
735	2
736	2
737	3
738	1
739	1
740	1
741	2
742	2
743	4
744	4
745	2
746	3
747	1
748	3
749	2
750	2
751	4
752	3
753	2
754	3
755	1
756	3
757	1
758	1
759	3
760	1
761	1
762	4
763	2
764	4
765	4
766	2
767	1
768	3
769	1
770	4
771	4
772	4
773	2
774	1
775	3
776	2
777	2
778	3
779	3
780	2
781	3
782	2
783	1
784	4
785	2
786	1
787	4
788	1
789	2
790	2
791	1
792	1
793	2
794	4
795	3
796	1
797	3
798	3
799	1
800	4
801	2
802	2
803	3
804	1
805	1
806	3
807	4
808	2
809	1
810	2
811	2
812	4
813	4
814	4
815	4
816	1
817	2
818	1
819	3
820	1
821	4
822	4
823	4
824	1
825	2
826	4
827	1
828	3
829	4
830	2
831	3
832	2
833	2
834	1
835	2
836	2
837	4
838	4
839	3
840	3
841	1
842	2
843	1
844	2
845	3
846	2
847	4
848	2
849	3
850	2
851	1
852	4
853	1
854	3
855	3
856	2
857	1
858	1
859	1
860	2
861	3
862	3
863	3
864	4
865	2
866	1
867	2
868	1
869	3
870	3
871	2
872	4
873	4
874	1
875	1
876	2
877	3
878	4
879	2
880	4
881	4
882	3
883	1
884	2
885	3
886	1
887	1
888	1
889	1
890	1
891	3
892	3
893	1
894	1
895	4
896	3
897	4
898	1
899	2
900	2
901	4
902	3
903	3
904	2
905	3
906	1
907	1
908	3
909	1
910	4
911	3
912	1
913	3
914	3
915	1
916	4
917	3
918	3
919	1
920	3
921	1
922	1
923	2
924	4
925	2
926	4
927	1
928	1
929	3
930	1
931	3
932	2
933	4
934	1
935	4
936	4
937	4
938	3
939	2
940	1
941	2
942	1
943	3
944	2
945	2
946	1
947	4
948	4
949	4
950	4
951	2
952	3
953	4
954	1
955	1
956	4
957	2
958	2
959	1
960	4
961	2
962	3
963	2
964	4
965	4
966	4
967	3
968	2
969	2
970	2
971	2
972	4
973	4
974	2
975	3
976	2
977	4
978	2
979	4
980	2
981	3
982	4
983	3
984	4
985	3
986	2
987	3
988	4
989	4
990	4
991	2
992	1
993	1
994	4
995	4
996	2
997	4
998	1
999	1
1000	4
1001	3
1002	1
1003	3
1004	4
1005	3
1006	2
1007	4
1008	2
1009	1
1010	1
1011	3
1012	4
1013	3
1014	2
1015	2
1016	4
1017	2
1018	2
1019	4
1020	1
1021	1
1022	4
1023	4
1024	1
1025	4
1026	2
1027	1
1028	3
1029	2
1030	3
1031	4
1032	2
1033	3
1034	2
1035	2
1036	2
1037	2
1038	4
1039	3
1040	4
1041	2
1042	2
1043	4
1044	1
1045	1
1046	4
1047	1
1048	1
1049	2
1050	2
1051	4
1052	2
1053	3
1054	1
1055	4
1056	3
1057	3
1058	1
1059	4
1060	1
1061	4
1062	3
1063	4
1064	4
1065	2
1066	4
1067	2
1068	4
1069	3
1070	2
1071	3
1072	4
1073	2
1074	3
1075	2
1076	1
1077	2
1078	3
1079	2
1080	2
1081	1
1082	1
1083	3
1084	3
1085	1
1086	3
1087	2
1088	1
1089	4
1090	4
1091	1
1092	3
1093	1
1094	3
1095	2
1096	3
1097	4
1098	1
1099	1
1100	3
1101	3
1102	4
1103	3
1104	2
1105	2
1106	1
1107	1
1108	1
1109	3
1110	3
1111	4
1112	2
1113	3
1114	1
1115	4
1116	1
1117	2
1118	3
1119	1
1120	3
1121	4
1122	1
1123	1
1124	3
1125	4
1126	2
1127	3
1128	4
1129	4
1130	3
1131	2
1132	3
1133	3
1134	1
1135	4
1136	3
1137	1
1138	1
1139	4
1140	2
1141	1
1142	1
1143	4
1144	4
1145	3
1146	2
1147	4
1148	3
1149	4
1150	2
1151	4
1152	3
1153	3
1154	3
1155	1
1156	3
1157	4
1158	4
1159	1
1160	2
1161	2
1162	3
1163	2
1164	3
1165	2
1166	4
1167	3
1168	3
1169	1
1170	2
1171	4
1172	3
1173	2
1174	1
1175	4
1176	3
1177	4
1178	1
1179	4
1180	3
1181	4
1182	4
1183	2
1184	3
1185	3
1186	2
1187	4
1188	1
1189	4
1190	2
1191	2
1192	1
1193	3
1194	3
1195	4
1196	2
1197	3
1198	3
1199	4
1200	1
1201	3
1202	2
1203	3
1204	4
1205	2
1206	3
1207	2
1208	2
1209	4
1210	4
1211	3
1212	2
1213	1
1214	2
1215	4
1216	2
1217	3
1218	4
1219	2
1220	3
1221	1
1222	4
1223	4
1224	4
1225	4
1226	2
1227	3
1228	2
1229	1
1230	2
1231	4
1232	1
1233	3
1234	3
1235	1
1236	3
1237	4
1238	1
1239	3
1240	3
1241	1
1242	2
1243	3
1244	2
1245	1
1246	2
1247	2
1248	3
1249	4
1250	3
1251	3
1252	2
1253	2
1254	2
1255	3
1256	1
1257	2
1258	2
1259	3
1260	1
1261	2
1262	2
1263	4
1264	2
1265	2
1266	2
1267	1
1268	2
1269	3
1270	4
1271	2
1272	1
1273	4
1274	2
1275	4
1276	4
1277	2
1278	3
1279	4
1280	2
1281	2
1282	4
1283	4
1284	4
1285	1
1286	4
1287	1
1288	4
1289	2
1290	4
1291	3
1292	4
1293	2
1294	4
1295	4
1296	1
1297	1
1298	4
1299	2
1300	2
1301	4
1302	2
1303	1
1304	4
1305	4
1306	1
1307	2
1308	2
1309	3
1310	2
1311	2
1312	3
1313	3
1314	3
1315	3
1316	1
1317	3
1318	2
1319	4
1320	4
1321	2
1322	4
1323	3
1324	1
1325	1
1326	3
1327	3
1328	4
1329	1
1330	4
1331	4
1332	2
1333	3
1334	3
1335	1
1336	2
1337	2
1338	2
1339	1
1340	3
1341	1
1342	2
1343	2
1344	4
1345	2
1346	1
1347	3
1348	1
1349	2
1350	2
1351	2
1352	3
1353	2
1354	3
1355	2
1356	3
1357	3
1358	1
1359	2
1360	4
1361	3
1362	4
1363	1
1364	3
1365	3
1366	4
1367	2
1368	2
1369	2
1370	4
1371	3
1372	2
1373	1
1374	3
1375	2
1376	2
1377	3
1378	3
1379	4
1380	1
1381	4
1382	3
1383	1
1384	1
1385	2
1386	2
1387	2
1388	1
1389	3
1390	3
1391	2
1392	1
1393	1
1394	3
1395	2
1396	2
1397	4
1398	3
1399	1
1400	3
1401	2
1402	2
1403	3
1404	3
1405	3
1406	3
1407	1
1408	4
1409	4
1410	3
1411	3
1412	3
1413	1
1414	1
1415	2
1416	2
1417	3
1418	2
1419	1
1420	2
1421	4
1422	2
1423	4
1424	3
1425	3
1426	4
1427	2
1428	2
1429	4
1430	4
1431	4
1432	3
1433	3
1434	3
1435	4
1436	3
1437	3
1438	4
1439	3
1440	2
1441	1
1442	2
1443	4
1444	2
1445	1
1446	4
1447	4
1448	1
1449	4
1450	4
1451	4
1452	3
1453	2
1454	2
1455	1
1456	4
1457	4
1458	3
1459	3
1460	3
1461	4
1462	3
1463	1
1464	2
1465	1
1466	4
1467	3
1468	1
1469	4
1470	4
1471	1
1472	1
1473	3
1474	3
1475	3
1476	1
1477	4
1478	3
1479	2
1480	2
1481	4
1482	4
1483	3
1484	2
1485	1
1486	2
1487	4
1488	2
1489	1
1490	2
1491	4
1492	3
1493	3
1494	3
1495	4
1496	3
1497	4
1498	2
1499	4
1500	4
1501	3
1502	1
1503	1
1504	4
1505	3
1506	2
1507	3
1508	4
1509	2
1510	4
1511	2
1512	3
1513	1
1514	3
1515	2
1516	4
1517	4
1518	2
1519	3
1520	3
1521	4
1522	1
1523	3
1524	3
1525	2
1526	2
1527	3
1528	1
1529	1
1530	1
1531	2
1532	1
1533	2
1534	3
1535	4
1536	4
1537	3
1538	1
1539	2
1540	2
1541	4
1542	4
1543	2
1544	1
1545	4
1546	2
1547	1
1548	4
1549	2
1550	2
1551	1
1552	1
1553	4
1554	1
1555	1
1556	4
1557	3
1558	4
1559	4
1560	4
1561	1
1562	4
1563	1
1564	4
1565	3
1566	3
1567	4
1568	4
1569	1
1570	3
1571	2
1572	3
1573	3
1574	1
1575	3
1576	3
1577	2
1578	3
1579	1
1580	4
1581	4
1582	3
1583	3
1584	4
1585	1
1586	1
1587	2
1588	1
1589	3
1590	2
1591	1
1592	3
1593	2
1594	4
1595	4
1596	3
1597	3
1598	2
1599	3
1600	2
1601	1
1602	4
1603	4
1604	1
1605	3
1606	2
1607	1
1608	1
1609	1
1610	3
1611	4
1612	2
1613	4
1614	2
1615	2
1616	2
1617	2
1618	4
1619	2
1620	4
1621	2
1622	2
1623	2
1624	2
1625	4
1626	4
1627	4
1628	4
1629	1
1630	3
1631	4
1632	4
1633	2
1634	2
1635	3
1636	3
1637	2
1638	3
1639	3
1640	1
1641	1
1642	3
1643	3
1644	2
1645	4
1646	1
1647	3
1648	2
1649	4
1650	2
1651	1
1652	3
1653	3
1654	3
1655	3
1656	1
1657	3
1658	1
1659	3
1660	1
1661	1
1662	2
1663	3
1664	1
1665	3
1666	1
1667	2
1668	3
1669	2
1670	3
1671	3
1672	3
1673	3
1674	3
1675	3
1676	1
1677	2
1678	2
1679	1
1680	3
1681	2
1682	4
1683	3
1684	2
1685	2
1686	4
1687	2
1688	1
1689	2
1690	3
1691	4
1692	3
1693	4
1694	1
1695	2
1696	1
1697	4
1698	4
1699	2
1700	3
1701	4
1702	3
1703	4
1704	1
1705	1
1706	1
1707	1
1708	1
1709	2
1710	2
1711	3
1712	4
1713	1
1714	4
1715	1
1716	3
1717	3
1718	3
1719	2
1720	2
1721	2
1722	4
1723	2
1724	2
1725	3
1726	2
1727	4
1728	2
1729	3
1730	2
1731	3
1732	2
1733	3
1734	3
1735	1
1736	2
1737	4
1738	3
1739	2
1740	1
1741	2
1742	3
1743	4
1744	4
1745	1
1746	1
1747	3
1748	1
1749	1
1750	3
1751	2
1752	1
1753	1
1754	4
1755	4
1756	4
1757	1
1758	2
1759	2
1760	2
1761	4
1762	1
1763	2
1764	4
1765	1
1766	1
1767	4
1768	2
1769	4
1770	1
1771	4
1772	2
1773	1
1774	2
1775	3
1776	4
1777	3
1778	4
1779	4
1780	3
1781	2
1782	3
1783	4
1784	1
1785	3
1786	1
1787	2
1788	2
1789	1
1790	3
1791	1
1792	2
1793	1
1794	1
1795	4
1796	3
1797	4
1798	3
1799	4
1800	2
1801	3
1802	1
1803	4
1804	1
1805	4
1806	2
1807	3
1808	2
1809	1
1810	4
1811	4
1812	1
1813	3
1814	2
1815	2
1816	2
1817	1
1818	4
1819	2
1820	2
1821	4
1822	2
1823	1
1824	1
1825	3
1826	3
1827	2
1828	3
1829	3
1830	3
1831	3
1832	2
1833	4
1834	4
1835	2
1836	2
1837	4
1838	1
1839	4
1840	3
1841	4
1842	2
1843	3
1844	1
1845	4
1846	4
1847	4
1848	1
1849	3
1850	1
1851	2
1852	1
1853	1
1854	4
1855	3
1856	3
1857	2
1858	4
1859	3
1860	2
1861	4
1862	1
1863	3
1864	4
1865	3
1866	3
1867	1
1868	4
1869	1
1870	3
1871	1
1872	4
1873	1
1874	2
1875	4
1876	3
1877	4
1878	1
1879	1
1880	4
1881	1
1882	1
1883	3
1884	3
1885	3
1886	2
1887	4
1888	1
1889	1
1890	3
1891	2
1892	4
1893	4
1894	1
1895	1
1896	2
1897	1
1898	1
1899	4
1900	2
1901	2
1902	4
1903	3
1904	2
1905	2
1906	1
1907	4
1908	1
1909	2
1910	2
1911	3
1912	4
1913	1
1914	3
1915	4
1916	1
1917	3
1918	1
1919	1
1920	4
1921	1
1922	1
1923	1
1924	2
1925	1
1926	1
1927	2
1928	2
1929	1
1930	3
1931	2
1932	4
1933	4
1934	2
1935	3
1936	4
1937	1
1938	3
1939	3
1940	4
1941	3
1942	2
1943	4
1944	1
1945	4
1946	1
1947	4
1948	1
1949	1
1950	1
1951	1
1952	2
1953	3
1954	2
1955	1
1956	1
1957	4
1958	1
1959	2
1960	1
1961	4
1962	1
1963	4
1964	2
1965	4
1966	4
1967	4
1968	3
1969	2
1970	1
1971	2
1972	3
1973	2
1974	3
1975	4
1976	4
1977	1
1978	1
1979	4
1980	3
1981	3
1982	3
1983	2
1984	1
1985	2
1986	3
1987	2
1988	4
1989	1
1990	4
1991	4
1992	4
1993	4
1994	2
1995	1
1996	1
1997	4
1998	4
1999	4
2000	4
2001	1
2002	2
2003	3
2004	2
2005	3
2006	2
2007	1
2008	2
2009	3
2010	4
2011	4
2012	1
2013	2
2014	2
2015	2
2016	1
2017	2
2018	2
2019	2
2020	4
2021	4
2022	4
2023	1
2024	4
2025	1
2026	1
2027	4
2028	2
2029	2
2030	1
2031	1
2032	1
2033	3
2034	2
2035	1
2036	2
2037	2
2038	4
2039	4
2040	4
2041	4
2042	1
2043	3
2044	2
2045	1
2046	2
2047	3
2048	3
2049	4
2050	3
2051	4
2052	3
2053	4
2054	4
2055	2
2056	1
2057	2
2058	4
2059	4
2060	1
2061	4
2062	4
2063	1
2064	1
2065	3
2066	4
2067	4
2068	1
2069	3
2070	2
2071	1
2072	4
2073	3
2074	1
2075	1
2076	4
2077	2
2078	1
2079	2
2080	1
2081	3
2082	3
2083	2
2084	4
2085	1
2086	1
2087	1
2088	2
2089	2
2090	1
2091	3
2092	4
2093	4
2094	4
2095	4
2096	2
2097	3
2098	1
2099	1
2100	3
2101	4
2102	1
2103	1
2104	4
2105	4
2106	2
2107	4
2108	4
2109	4
2110	2
2111	3
2112	2
2113	3
2114	2
2115	2
2116	2
2117	2
2118	1
2119	1
2120	3
2121	4
2122	4
2123	4
2124	2
2125	1
2126	3
2127	4
2128	1
2129	4
2130	1
2131	3
2132	3
2133	1
2134	1
2135	2
2136	2
2137	4
2138	3
2139	4
2140	4
2141	3
2142	2
2143	1
2144	4
2145	2
2146	4
2147	3
2148	3
2149	2
2150	4
2151	3
2152	4
2153	4
2154	3
2155	2
2156	3
2157	1
2158	3
2159	2
2160	3
2161	2
2162	2
2163	1
2164	1
2165	1
2166	2
2167	2
2168	1
2169	3
2170	2
2171	2
2172	1
2173	2
2174	2
2175	2
2176	2
2177	4
2178	2
2179	2
2180	1
2181	2
2182	2
2183	1
2184	2
2185	2
2186	3
2187	3
2188	1
2189	1
2190	4
2191	4
2192	1
2193	2
2194	3
2195	2
2196	1
2197	3
2198	1
2199	3
2200	2
2201	2
2202	1
2203	3
2204	2
2205	1
2206	4
2207	1
2208	4
2209	2
2210	3
2211	4
2212	1
2213	4
2214	4
2215	4
2216	1
2217	4
2218	4
2219	1
2220	1
2221	1
2222	2
2223	2
2224	1
2225	3
2226	3
2227	3
2228	2
2229	1
2230	1
2231	1
2232	4
2233	1
2234	2
2235	4
2236	2
2237	1
2238	3
2239	4
2240	4
2241	3
2242	1
2243	2
2244	4
2245	3
2246	3
2247	2
2248	1
2249	4
2250	4
2251	2
2252	2
2253	2
2254	2
2255	2
2256	1
2257	2
2258	1
2259	3
2260	4
2261	2
2262	1
2263	1
2264	2
2265	4
2266	2
2267	2
2268	4
2269	4
2270	1
2271	2
2272	2
2273	1
2274	3
2275	3
2276	4
2277	1
2278	1
2279	2
2280	4
2281	2
2282	2
2283	2
2284	3
2285	1
2286	2
2287	2
2288	3
2289	4
2290	4
2291	3
2292	4
2293	2
2294	1
2295	1
2296	4
2297	4
2298	4
2299	3
2300	4
2301	2
2302	3
2303	4
2304	1
2305	3
2306	4
2307	4
2308	1
2309	1
2310	1
2311	2
2312	4
2313	2
2314	2
2315	2
2316	4
2317	4
2318	4
2319	4
2320	2
2321	3
2322	2
2323	3
2324	1
2325	1
2326	4
2327	2
2328	2
2329	3
2330	2
2331	1
2332	4
2333	4
2334	2
2335	3
2336	2
2337	3
2338	3
2339	4
2340	1
2341	1
2342	4
2343	3
2344	2
2345	3
2346	3
2347	3
2348	1
2349	4
2350	4
2351	1
2352	1
2353	1
2354	2
2355	4
2356	4
2357	1
2358	1
2359	3
2360	3
2361	2
2362	3
2363	1
2364	2
2365	3
2366	2
2367	3
2368	4
2369	3
2370	1
2371	3
2372	3
2373	1
2374	3
2375	3
2376	3
2377	3
2378	2
2379	2
2380	4
2381	2
2382	4
2383	3
2384	2
2385	2
2386	2
2387	1
2388	2
2389	4
2390	4
2391	2
2392	2
2393	4
2394	2
2395	3
2396	4
2397	2
2398	2
2399	3
2400	4
2401	3
2402	4
2403	2
2404	4
2405	2
2406	2
2407	2
2408	4
2409	4
2410	4
2411	3
2412	3
2413	4
2414	3
2415	2
2416	4
2417	4
2418	1
2419	2
2420	1
2421	2
2422	2
2423	2
2424	2
2425	2
2426	1
2427	3
2428	1
2429	1
2430	2
2431	2
2432	1
2433	2
2434	4
2435	3
2436	1
2437	4
2438	1
2439	3
2440	1
2441	3
2442	2
2443	4
2444	1
2445	1
2446	3
2447	2
2448	2
2449	1
2450	2
2451	3
2452	2
2453	3
2454	1
2455	2
2456	3
2457	2
2458	3
2459	3
2460	3
2461	2
2462	2
2463	3
2464	2
2465	2
2466	2
2467	3
2468	1
2469	1
2470	2
2471	1
2472	4
2473	3
2474	1
2475	3
2476	1
2477	1
2478	1
2479	1
2480	4
2481	2
2482	3
2483	3
2484	3
2485	1
2486	4
2487	3
2488	3
2489	2
2490	3
2491	3
2492	4
2493	3
2494	3
2495	4
2496	3
2497	2
2498	4
2499	1
2500	3
2501	4
2502	4
2503	2
2504	4
2505	1
2506	2
2507	1
2508	1
2509	4
2510	4
2511	3
2512	3
2513	3
2514	4
2515	3
2516	3
2517	4
2518	1
2519	3
2520	1
2521	1
2522	1
2523	1
2524	3
2525	2
2526	4
2527	3
2528	3
2529	2
2530	4
2531	1
2532	1
2533	4
2534	4
2535	2
2536	1
2537	2
2538	3
2539	1
2540	1
2541	1
2542	3
2543	4
2544	1
2545	4
2546	4
2547	3
2548	4
2549	3
2550	1
2551	3
2552	3
2553	2
2554	1
2555	2
2556	2
2557	1
2558	4
2559	4
2560	4
2561	3
2562	1
2563	2
2564	3
2565	4
2566	4
2567	2
2568	4
2569	1
2570	1
2571	4
2572	4
2573	1
2574	3
2575	1
2576	4
2577	4
2578	2
2579	4
2580	4
2581	4
2582	3
2583	3
2584	1
2585	4
2586	4
2587	4
2588	3
2589	4
2590	2
2591	4
2592	4
2593	4
2594	2
2595	1
2596	2
2597	2
2598	4
2599	4
2600	2
2601	4
2602	2
2603	2
2604	4
2605	1
2606	1
2607	1
2608	3
2609	4
2610	3
2611	4
2612	3
2613	1
2614	3
2615	4
2616	2
2617	3
2618	2
2619	1
2620	3
2621	2
2622	4
2623	1
2624	3
2625	1
2626	3
2627	1
2628	4
2629	2
2630	2
2631	1
2632	4
2633	1
2634	4
2635	1
2636	3
2637	3
2638	4
2639	3
2640	2
2641	4
2642	4
2643	1
2644	1
2645	1
2646	2
2647	4
2648	1
2649	1
2650	1
2651	4
2652	4
2653	2
2654	3
2655	3
2656	2
2657	1
2658	4
2659	3
2660	1
2661	4
2662	3
2663	1
2664	2
2665	4
2666	1
2667	3
2668	3
2669	3
2670	1
2671	3
2672	4
2673	3
2674	2
2675	3
2676	1
2677	1
2678	3
2679	4
2680	3
2681	3
2682	2
2683	1
2684	2
2685	4
2686	2
2687	4
2688	1
2689	1
2690	2
2691	4
2692	4
2693	1
2694	1
2695	1
2696	3
2697	3
2698	4
2699	3
2700	3
2701	4
2702	1
2703	2
2704	1
2705	4
2706	4
2707	2
2708	3
2709	2
2710	1
2711	2
2712	2
2713	1
2714	1
2715	4
2716	2
2717	3
2718	3
2719	4
2720	3
2721	2
2722	2
2723	4
2724	1
2725	3
2726	3
2727	2
2728	3
2729	4
2730	3
2731	2
2732	1
2733	4
2734	2
2735	1
2736	4
2737	1
2738	1
2739	3
2740	4
2741	4
2742	4
2743	1
2744	2
2745	3
2746	1
2747	4
2748	2
2749	3
2750	4
2751	2
2752	3
2753	1
2754	1
2755	1
2756	1
2757	1
2758	1
2759	4
2760	3
2761	1
2762	1
2763	1
2764	2
2765	4
2766	3
2767	4
2768	4
2769	1
2770	3
2771	4
2772	4
2773	2
2774	3
2775	2
2776	2
2777	3
2778	4
2779	2
2780	1
2781	4
2782	3
2783	2
2784	4
2785	2
2786	4
2787	1
2788	3
2789	2
2790	3
2791	2
2792	1
2793	1
2794	1
2795	1
2796	1
2797	3
2798	2
2799	1
2800	4
2801	3
2802	4
2803	3
2804	1
2805	3
2806	1
2807	2
2808	2
2809	1
2810	4
2811	1
2812	4
2813	4
2814	3
2815	1
2816	3
2817	4
2818	2
2819	1
2820	1
2821	3
2822	4
2823	2
2824	2
2825	4
2826	4
2827	1
2828	2
2829	1
2830	3
2831	2
2832	2
2833	3
2834	4
2835	1
2836	1
2837	1
2838	1
2839	3
2840	2
2841	1
2842	1
2843	4
2844	1
2845	1
2846	2
2847	1
2848	4
2849	1
2850	2
2851	1
2852	3
2853	4
2854	4
2855	2
2856	2
2857	2
2858	3
2859	4
2860	1
2861	4
2862	3
2863	3
2864	1
2865	1
2866	3
2867	2
2868	3
2869	4
2870	3
2871	4
2872	4
2873	3
2874	1
2875	4
2876	3
2877	2
2878	2
2879	2
2880	1
2881	2
2882	1
2883	4
2884	4
2885	3
2886	2
2887	2
2888	1
2889	1
2890	2
2891	3
2892	2
2893	1
2894	3
2895	4
2896	2
2897	4
2898	1
2899	3
2900	1
2901	3
2902	2
2903	1
2904	4
2905	4
2906	1
2907	4
2908	2
2909	2
2910	3
2911	4
2912	3
2913	1
2914	4
2915	3
2916	1
2917	1
2918	4
2919	4
2920	4
2921	2
2922	3
2923	4
2924	1
2925	4
2926	4
2927	1
2928	1
2929	4
2930	3
2931	4
2932	3
2933	2
2934	3
2935	3
2936	3
2937	1
2938	1
2939	4
2940	1
2941	4
2942	1
2943	4
2944	1
2945	2
2946	2
2947	4
2948	2
2949	1
2950	3
2951	4
2952	3
2953	3
2954	3
2955	4
2956	4
2957	1
2958	1
2959	3
2960	2
2961	2
2962	4
2963	1
2964	4
2965	4
2966	2
2967	2
2968	2
2969	4
2970	4
2971	3
2972	2
2973	3
2974	3
2975	2
2976	2
2977	2
2978	3
2979	1
2980	4
2981	2
2982	3
2983	4
2984	3
2985	3
2986	4
2987	2
2988	1
2989	1
2990	4
2991	4
2992	4
2993	2
2994	3
2995	4
2996	4
2997	3
2998	1
2999	4
3000	4
3001	2
3002	1
3003	2
3004	1
3005	2
3006	3
3007	1
3008	1
3009	3
3010	1
3011	2
3012	2
3013	3
3014	2
3015	1
3016	2
3017	4
3018	2
3019	2
3020	4
3021	4
3022	4
3023	2
3024	3
3025	1
3026	4
3027	3
3028	2
3029	3
3030	1
3031	4
3032	4
3033	1
3034	1
3035	3
3036	1
3037	2
3038	2
3039	2
3040	3
3041	2
3042	1
3043	3
3044	1
3045	3
3046	3
3047	4
3048	4
3049	4
3050	1
3051	1
3052	1
3053	4
3054	2
3055	2
3056	2
3057	2
3058	1
3059	4
3060	2
3061	3
3062	3
3063	2
3064	4
3065	1
3066	1
3067	4
3068	3
3069	1
3070	4
3071	2
3072	4
3073	1
3074	4
3075	2
3076	1
3077	2
3078	3
3079	2
3080	3
3081	2
3082	1
3083	1
3084	1
3085	3
3086	3
3087	4
3088	4
3089	2
3090	1
3091	3
3092	2
3093	2
3094	2
3095	3
3096	3
3097	2
3098	4
3099	1
3100	3
3101	1
3102	4
3103	1
3104	3
3105	4
3106	2
3107	1
3108	3
3109	1
3110	4
3111	1
3112	2
3113	3
3114	2
3115	1
3116	2
3117	4
3118	2
3119	1
3120	4
3121	3
3122	4
3123	1
3124	1
3125	3
3126	2
3127	4
3128	3
3129	2
3130	2
3131	1
3132	3
3133	4
3134	3
3135	2
3136	3
3137	4
3138	4
3139	2
3140	3
3141	1
3142	3
3143	3
3144	3
3145	3
3146	3
3147	3
3148	4
3149	1
3150	3
3151	4
3152	2
3153	4
3154	4
3155	3
3156	3
3157	3
3158	4
3159	4
3160	3
3161	1
3162	1
3163	4
3164	2
3165	3
3166	1
3167	2
3168	3
3169	4
3170	2
3171	2
3172	1
3173	4
3174	4
3175	4
3176	3
3177	2
3178	4
3179	1
3180	3
3181	3
3182	4
3183	4
3184	2
3185	1
3186	2
3187	2
3188	3
3189	2
3190	4
3191	4
3192	2
3193	4
3194	1
3195	1
3196	4
3197	2
3198	4
3199	3
3200	3
3201	1
3202	3
3203	3
3204	3
3205	2
3206	4
3207	1
3208	2
3209	4
3210	2
3211	3
3212	1
3213	3
3214	3
3215	1
3216	2
3217	2
3218	1
3219	3
3220	1
3221	4
3222	4
3223	1
3224	1
3225	3
3226	1
3227	4
3228	3
3229	3
3230	3
3231	3
3232	3
3233	3
3234	4
3235	1
3236	3
3237	2
3238	3
3239	2
3240	3
3241	2
3242	4
3243	1
3244	2
3245	2
3246	4
3247	4
3248	3
3249	1
3250	2
3251	4
3252	2
3253	2
3254	2
3255	2
3256	2
3257	3
3258	2
3259	1
3260	2
3261	4
3262	3
3263	1
3264	1
3265	3
3266	4
3267	2
3268	4
3269	2
3270	3
3271	3
3272	2
3273	1
3274	4
3275	3
3276	2
3277	4
3278	4
3279	4
3280	1
3281	3
3282	2
3283	4
3284	3
3285	1
3286	3
3287	1
3288	4
3289	2
3290	4
3291	3
3292	4
3293	3
3294	4
3295	2
3296	4
3297	3
3298	1
3299	3
3300	3
3301	3
3302	4
3303	1
3304	3
3305	2
3306	2
3307	2
3308	1
3309	3
3310	3
3311	2
3312	2
3313	2
3314	2
3315	1
3316	4
3317	2
3318	1
3319	1
3320	4
3321	4
3322	1
3323	3
3324	2
3325	2
3326	2
3327	2
3328	1
3329	4
3330	2
3331	1
3332	3
3333	2
3334	2
3335	2
3336	2
3337	3
3338	2
3339	1
3340	4
3341	4
3342	2
3343	3
3344	2
3345	3
3346	3
3347	2
3348	1
3349	1
3350	3
3351	1
3352	2
3353	4
3354	4
3355	1
3356	1
3357	4
3358	4
3359	4
3360	4
3361	4
3362	4
3363	3
3364	4
3365	3
3366	4
3367	3
3368	4
3369	2
3370	3
3371	1
3372	4
3373	4
3374	2
3375	4
3376	4
3377	1
3378	1
3379	1
3380	4
3381	1
3382	3
3383	2
3384	1
3385	1
3386	1
3387	4
3388	4
3389	3
3390	1
3391	1
3392	1
3393	4
3394	1
3395	1
3396	4
3397	1
3398	1
3399	1
3400	2
3401	4
3402	1
3403	2
3404	3
3405	3
3406	4
3407	3
3408	3
3409	2
3410	3
3411	3
3412	2
3413	4
3414	1
3415	1
3416	3
3417	2
3418	2
3419	1
3420	2
3421	2
3422	2
3423	4
3424	4
3425	3
3426	2
3427	3
3428	1
3429	2
3430	1
3431	2
3432	2
3433	2
3434	2
3435	2
3436	1
3437	2
3438	2
3439	4
3440	2
3441	2
3442	4
3443	1
3444	2
3445	1
3446	2
3447	4
3448	1
3449	2
3450	3
3451	4
3452	1
3453	3
3454	3
3455	1
3456	1
3457	4
3458	2
3459	2
3460	2
3461	3
3462	1
3463	4
3464	2
3465	1
3466	1
3467	1
3468	3
3469	3
3470	2
3471	3
3472	1
3473	4
3474	2
3475	1
3476	3
3477	1
3478	1
3479	3
3480	4
3481	1
3482	2
3483	1
3484	2
3485	3
3486	2
3487	2
3488	4
3489	2
3490	3
3491	2
3492	4
3493	3
3494	3
3495	3
3496	1
3497	3
3498	4
3499	2
3500	3
3501	4
3502	1
3503	3
3504	2
3505	2
3506	1
3507	2
3508	2
3509	3
3510	2
3511	3
3512	1
3513	1
3514	2
3515	3
3516	4
3517	1
3518	3
3519	4
3520	4
3521	1
3522	3
3523	1
3524	3
3525	4
3526	4
3527	2
3528	1
3529	2
3530	4
3531	3
3532	4
3533	2
3534	4
3535	1
3536	3
3537	1
3538	2
3539	3
3540	2
3541	4
3542	3
3543	1
3544	3
3545	4
3546	2
3547	3
3548	2
3549	2
3550	1
3551	3
3552	1
3553	4
3554	4
3555	1
3556	3
3557	2
3558	2
3559	2
3560	4
3561	4
3562	4
3563	3
3564	4
3565	2
3566	3
3567	1
3568	2
3569	4
3570	2
3571	4
3572	3
3573	3
3574	1
3575	3
3576	2
3577	2
3578	1
3579	3
3580	4
3581	1
3582	3
3583	4
3584	4
3585	4
3586	4
3587	3
3588	2
3589	4
3590	2
3591	1
3592	1
3593	3
3594	4
3595	4
3596	1
3597	4
3598	1
3599	2
3600	3
3601	2
3602	3
3603	2
3604	2
3605	2
3606	4
3607	2
3608	2
3609	4
3610	1
3611	1
3612	4
3613	1
3614	1
3615	3
3616	1
3617	3
3618	3
3619	4
3620	3
3621	3
3622	4
3623	3
3624	1
3625	3
3626	1
3627	2
3628	1
3629	1
3630	2
3631	4
3632	4
3633	1
3634	2
3635	4
3636	3
3637	1
3638	4
3639	2
3640	4
3641	1
3642	2
3643	4
3644	1
3645	3
3646	4
3647	1
3648	1
3649	2
3650	3
3651	3
3652	3
3653	3
3654	1
3655	3
3656	2
3657	4
3658	4
3659	2
3660	1
3661	2
3662	1
3663	4
3664	4
3665	3
3666	3
3667	1
3668	4
3669	3
3670	3
3671	4
3672	1
3673	4
3674	3
3675	3
3676	1
3677	1
3678	1
3679	4
3680	1
3681	2
3682	3
3683	2
3684	4
3685	4
3686	3
3687	1
3688	4
3689	2
3690	3
3691	4
3692	1
3693	2
3694	4
3695	1
3696	2
3697	4
3698	4
3699	4
3700	1
3701	1
3702	1
3703	2
3704	3
3705	1
3706	4
3707	2
3708	1
3709	3
3710	2
3711	2
3712	4
3713	1
3714	1
3715	2
3716	2
3717	3
3718	1
3719	2
3720	2
3721	4
3722	1
3723	2
3724	4
3725	2
3726	4
3727	4
3728	4
3729	3
3730	3
3731	1
3732	4
3733	2
3734	4
3735	1
3736	3
3737	1
3738	4
3739	2
3740	2
3741	3
3742	4
3743	4
3744	3
3745	2
3746	1
3747	2
3748	1
3749	4
3750	4
3751	3
3752	2
3753	1
3754	4
3755	1
3756	3
3757	1
3758	2
3759	4
3760	2
3761	4
3762	3
3763	3
3764	3
3765	3
3766	2
3767	2
3768	3
3769	2
3770	1
3771	1
3772	3
3773	3
3774	4
3775	3
3776	4
3777	2
3778	3
3779	2
3780	4
3781	4
3782	2
3783	4
3784	3
3785	1
3786	4
3787	4
3788	1
3789	3
3790	4
3791	3
3792	4
3793	3
3794	1
3795	1
3796	3
3797	1
3798	2
3799	1
3800	4
3801	3
3802	2
3803	2
3804	4
3805	3
3806	1
3807	3
3808	4
3809	3
3810	4
3811	3
3812	3
3813	4
3814	2
3815	2
3816	4
3817	4
3818	4
3819	1
3820	3
3821	4
3822	3
3823	3
3824	4
3825	2
3826	3
3827	2
3828	3
3829	1
3830	3
3831	4
3832	4
3833	4
3834	1
3835	4
3836	4
3837	3
3838	2
3839	4
3840	1
3841	2
3842	4
3843	4
3844	3
3845	1
3846	2
3847	2
3848	3
3849	4
3850	3
3851	1
3852	3
3853	3
3854	4
3855	4
3856	4
3857	1
3858	1
3859	4
3860	3
3861	4
3862	3
3863	2
3864	2
3865	2
3866	4
3867	4
3868	4
3869	3
3870	3
3871	4
3872	1
3873	4
3874	4
3875	1
3876	1
3877	4
3878	1
3879	3
3880	1
3881	4
3882	4
3883	4
3884	1
3885	2
3886	3
3887	4
3888	3
3889	3
3890	4
3891	4
3892	3
3893	3
3894	1
3895	1
3896	3
3897	1
3898	4
3899	3
3900	1
3901	3
3902	3
3903	1
3904	3
3905	3
3906	1
3907	2
3908	4
3909	2
3910	1
3911	2
3912	1
3913	1
3914	4
3915	3
3916	1
3917	1
3918	4
3919	3
3920	4
3921	3
3922	2
3923	3
3924	4
3925	1
3926	3
3927	4
3928	2
3929	1
3930	3
3931	1
3932	1
3933	4
3934	2
3935	2
3936	1
3937	3
3938	3
3939	1
3940	1
3941	4
3942	1
3943	3
3944	1
3945	1
3946	3
3947	1
3948	3
3949	1
3950	1
3951	1
3952	4
3953	3
3954	2
3955	2
3956	4
3957	4
3958	2
3959	1
3960	3
3961	4
3962	3
3963	4
3964	2
3965	4
3966	1
3967	3
3968	3
3969	1
3970	3
3971	4
3972	4
3973	2
3974	1
3975	2
3976	3
3977	3
3978	1
3979	4
3980	2
3981	2
3982	2
3983	2
3984	3
3985	1
3986	2
3987	4
3988	4
3989	3
3990	1
3991	1
3992	1
3993	1
3994	4
3995	3
3996	3
3997	2
3998	3
3999	1
4000	4
4001	1
4002	3
4003	4
4004	2
4005	3
4006	4
4007	1
4008	4
4009	2
4010	4
4011	4
4012	2
4013	3
4014	4
4015	4
4016	4
4017	1
4018	4
4019	1
4020	2
4021	4
4022	4
4023	2
4024	3
4025	3
4026	1
4027	3
4028	1
4029	1
4030	4
4031	3
4032	1
4033	3
4034	3
4035	4
4036	1
4037	3
4038	2
4039	1
4040	4
4041	2
4042	1
4043	1
4044	4
4045	2
4046	1
4047	2
4048	4
4049	4
4050	4
4051	2
4052	3
4053	3
4054	2
4055	2
4056	2
4057	3
4058	4
4059	3
4060	4
4061	2
4062	3
4063	1
4064	1
4065	1
4066	1
4067	2
4068	4
4069	1
4070	1
4071	4
4072	4
4073	4
4074	1
4075	4
4076	3
4077	2
4078	4
4079	1
4080	4
4081	3
4082	4
4083	1
4084	2
4085	2
4086	4
4087	2
4088	1
4089	3
4090	3
4091	3
4092	1
4093	4
4094	3
4095	4
4096	1
4097	2
4098	4
4099	1
4100	4
4101	2
4102	2
4103	4
4104	4
4105	2
4106	3
4107	1
4108	3
4109	3
4110	4
4111	2
4112	4
4113	4
4114	1
4115	2
4116	3
4117	4
4118	1
4119	3
4120	2
4121	4
4122	4
4123	2
4124	1
4125	4
4126	3
4127	2
4128	3
4129	3
4130	1
4131	2
4132	4
4133	2
4134	1
4135	2
4136	1
4137	2
4138	3
4139	2
4140	2
4141	1
4142	1
4143	1
4144	4
4145	3
4146	1
4147	2
4148	3
4149	2
4150	2
4151	4
4152	2
4153	4
4154	4
4155	4
4156	1
4157	4
4158	2
4159	2
4160	4
4161	1
4162	2
4163	4
4164	2
4165	1
4166	1
4167	3
4168	3
4169	2
4170	3
4171	4
4172	3
4173	3
4174	2
4175	1
4176	3
4177	4
4178	1
4179	4
4180	2
4181	4
4182	2
4183	1
4184	2
4185	2
4186	3
4187	4
4188	2
4189	4
4190	3
4191	2
4192	1
4193	3
4194	3
4195	1
4196	2
4197	1
4198	2
4199	1
4200	2
4201	4
4202	3
4203	4
4204	2
4205	2
4206	2
4207	4
4208	1
4209	2
4210	1
4211	3
4212	3
4213	4
4214	2
4215	3
4216	3
4217	3
4218	2
4219	4
4220	1
4221	1
4222	4
4223	4
4224	4
4225	4
4226	4
4227	1
4228	2
4229	2
4230	4
4231	4
4232	2
4233	3
4234	1
4235	3
4236	2
4237	3
4238	2
4239	2
4240	3
4241	2
4242	2
4243	3
4244	1
4245	3
4246	1
4247	4
4248	4
4249	4
4250	4
4251	2
4252	3
4253	1
4254	1
4255	1
4256	3
4257	3
4258	3
4259	1
4260	1
4261	3
4262	1
4263	4
4264	3
4265	1
4266	2
4267	2
4268	2
4269	1
4270	1
4271	1
4272	1
4273	2
4274	3
4275	3
4276	2
4277	3
4278	3
4279	4
4280	4
4281	3
4282	3
4283	3
4284	4
4285	1
4286	1
4287	4
4288	1
4289	2
4290	1
4291	2
4292	1
4293	3
4294	2
4295	3
4296	3
4297	1
4298	1
4299	2
4300	1
4301	4
4302	3
4303	1
4304	4
4305	3
4306	3
4307	2
4308	4
4309	3
4310	1
4311	1
4312	1
4313	4
4314	4
4315	4
4316	3
4317	2
4318	3
4319	3
4320	2
4321	2
4322	4
4323	3
4324	4
4325	4
4326	4
4327	2
4328	4
4329	2
4330	2
4331	1
4332	4
4333	3
4334	1
4335	4
4336	1
4337	4
4338	1
4339	2
4340	2
4341	4
4342	1
4343	2
4344	1
4345	1
4346	3
4347	3
4348	2
4349	1
4350	2
4351	1
4352	4
4353	1
4354	4
4355	3
4356	3
4357	2
4358	1
4359	1
4360	2
4361	4
4362	4
4363	2
4364	4
4365	4
4366	1
4367	1
4368	3
4369	2
4370	3
4371	3
4372	3
4373	2
4374	4
4375	2
4376	4
4377	1
4378	2
4379	1
4380	2
4381	3
4382	3
4383	1
4384	1
4385	2
4386	3
4387	1
4388	1
4389	2
4390	1
4391	1
4392	1
4393	1
4394	4
4395	1
4396	2
4397	2
4398	3
4399	1
4400	3
4401	3
4402	2
4403	3
4404	3
4405	2
4406	3
4407	4
4408	4
4409	2
4410	3
4411	1
4412	4
4413	2
4414	3
4415	2
4416	2
4417	2
4418	1
4419	2
4420	3
4421	3
4422	3
4423	3
4424	1
4425	1
4426	4
4427	2
4428	1
4429	2
4430	1
4431	3
4432	1
4433	3
4434	2
4435	2
4436	3
4437	2
4438	1
4439	3
4440	1
4441	1
4442	1
4443	4
4444	4
4445	1
4446	4
4447	1
4448	3
4449	4
4450	2
4451	1
4452	3
4453	1
4454	4
4455	1
4456	1
4457	2
4458	3
4459	1
4460	3
4461	3
4462	1
4463	2
4464	4
4465	3
4466	2
4467	4
4468	3
4469	4
4470	1
4471	4
4472	1
4473	1
4474	2
4475	2
4476	1
4477	3
4478	4
4479	1
4480	4
4481	4
4482	4
4483	2
4484	3
4485	4
4486	1
4487	3
4488	1
4489	2
4490	4
4491	2
4492	1
4493	4
4494	4
4495	4
4496	2
4497	2
4498	2
4499	4
4500	4
4501	4
4502	4
4503	4
4504	1
4505	4
4506	2
4507	4
4508	4
4509	4
4510	1
4511	3
4512	4
4513	1
4514	4
4515	4
4516	3
4517	4
4518	4
4519	4
4520	2
4521	4
4522	3
4523	2
4524	3
4525	3
4526	1
4527	4
4528	1
4529	4
4530	1
4531	1
4532	3
4533	1
4534	2
4535	1
4536	4
4537	4
4538	3
4539	4
4540	1
4541	2
4542	1
4543	3
4544	1
4545	1
4546	3
4547	3
4548	4
4549	1
4550	1
4551	4
4552	1
4553	2
4554	4
4555	3
4556	3
4557	4
4558	2
4559	2
4560	2
4561	4
4562	2
4563	3
4564	1
4565	2
4566	2
4567	3
4568	3
4569	3
4570	4
4571	4
4572	1
4573	2
4574	2
4575	1
4576	4
4577	1
4578	2
4579	1
4580	4
4581	1
4582	3
4583	3
4584	4
4585	1
4586	4
4587	3
4588	3
4589	3
4590	3
4591	3
4592	4
4593	2
4594	4
4595	1
4596	3
4597	3
4598	4
4599	1
4600	1
4601	1
4602	3
4603	2
4604	3
4605	4
4606	1
4607	3
4608	3
4609	2
4610	2
4611	4
4612	4
4613	4
4614	3
4615	3
4616	2
4617	4
4618	4
4619	2
4620	3
4621	2
4622	1
4623	1
4624	4
4625	2
4626	3
4627	4
4628	3
4629	3
4630	1
4631	3
4632	3
4633	1
4634	4
4635	1
4636	4
4637	2
4638	3
4639	3
4640	4
4641	4
4642	3
4643	4
4644	2
4645	1
4646	2
4647	2
4648	2
4649	1
4650	3
4651	1
4652	4
4653	2
4654	4
4655	3
4656	1
4657	2
4658	1
4659	2
4660	2
4661	3
4662	1
4663	4
4664	4
4665	2
4666	4
4667	4
4668	3
4669	3
4670	4
4671	4
4672	2
4673	3
4674	1
4675	2
4676	3
4677	2
4678	4
4679	1
4680	2
4681	4
4682	4
4683	3
4684	3
4685	1
4686	1
4687	4
4688	2
4689	4
4690	2
4691	4
4692	2
4693	1
4694	4
4695	1
4696	4
4697	2
4698	1
4699	4
4700	4
4701	3
4702	2
4703	1
4704	3
4705	4
4706	3
4707	1
4708	1
4709	2
4710	1
4711	1
4712	3
4713	3
4714	1
4715	4
4716	4
4717	1
4718	4
4719	3
4720	3
4721	3
4722	2
4723	1
4724	2
4725	3
4726	1
4727	4
4728	2
4729	3
4730	4
4731	1
4732	2
4733	3
4734	2
4735	2
4736	2
4737	1
4738	4
4739	2
4740	4
4741	2
4742	3
4743	4
4744	1
4745	1
4746	4
4747	4
4748	2
4749	3
4750	1
4751	4
4752	2
4753	3
4754	3
4755	4
4756	3
4757	4
4758	3
4759	4
4760	2
4761	4
4762	1
4763	3
4764	3
4765	3
4766	2
4767	4
4768	1
4769	1
4770	4
4771	2
4772	3
4773	3
4774	3
4775	1
4776	2
4777	2
4778	4
4779	4
4780	1
4781	4
4782	3
4783	2
4784	3
4785	3
4786	2
4787	1
4788	1
4789	2
4790	1
4791	1
4792	1
4793	3
4794	4
4795	4
4796	1
4797	4
4798	2
4799	3
4800	1
4801	4
4802	4
4803	4
4804	3
4805	4
4806	3
4807	2
4808	3
4809	1
4810	3
4811	3
4812	2
4813	1
4814	2
4815	3
4816	3
4817	4
4818	1
4819	4
4820	3
4821	4
4822	1
4823	2
4824	4
4825	1
4826	2
4827	4
4828	4
4829	2
4830	3
4831	2
4832	4
4833	3
4834	2
4835	2
4836	3
4837	3
4838	1
4839	3
4840	3
4841	1
4842	3
4843	1
4844	4
4845	1
4846	2
4847	2
4848	1
4849	2
4850	2
4851	2
4852	3
4853	4
4854	3
4855	3
4856	2
4857	3
4858	4
4859	4
4860	1
4861	2
4862	1
4863	1
4864	2
4865	3
4866	2
4867	4
4868	4
4869	1
4870	3
4871	3
4872	2
4873	2
4874	3
4875	2
4876	2
4877	4
4878	1
4879	3
4880	1
4881	2
4882	1
4883	4
4884	3
4885	1
4886	2
4887	3
4888	2
4889	2
4890	2
4891	1
4892	1
4893	1
4894	2
4895	3
4896	1
4897	2
4898	3
4899	1
4900	3
4901	2
4902	3
4903	2
4904	4
4905	4
4906	3
4907	4
4908	1
4909	2
4910	4
4911	2
4912	3
4913	2
4914	2
4915	1
4916	1
4917	3
4918	3
4919	3
4920	1
4921	4
4922	4
4923	4
4924	2
4925	1
4926	3
4927	3
4928	2
4929	4
4930	4
4931	4
4932	2
4933	2
4934	3
4935	3
4936	3
4937	3
4938	1
4939	2
4940	3
4941	1
4942	1
4943	4
4944	1
4945	1
4946	1
4947	3
4948	3
4949	1
4950	1
4951	4
4952	1
4953	4
4954	4
4955	2
4956	3
4957	4
4958	2
4959	3
4960	3
4961	3
4962	4
4963	1
4964	3
4965	4
4966	3
4967	3
4968	1
4969	4
4970	2
4971	4
4972	2
4973	3
4974	3
4975	1
4976	4
4977	4
4978	1
4979	4
4980	2
4981	4
4982	4
4983	1
4984	4
4985	2
4986	1
4987	1
4988	3
4989	3
4990	3
4991	1
4992	1
4993	4
4994	3
4995	2
4996	4
4997	1
4998	1
4999	3
5000	1
5001	1
5002	4
5003	3
5004	3
5005	4
5006	4
5007	3
5008	1
5009	2
5010	4
5011	3
5012	1
5013	3
5014	2
5015	1
5016	3
5017	4
5018	1
5019	1
5020	4
5021	3
5022	4
5023	1
5024	1
5025	1
5026	3
5027	1
5028	4
5029	3
5030	4
5031	4
5032	3
5033	4
5034	4
5035	2
5036	4
5037	1
5038	4
5039	2
5040	1
5041	4
5042	2
5043	3
5044	1
5045	1
5046	1
5047	3
5048	4
5049	2
5050	3
5051	4
5052	3
5053	4
5054	1
5055	3
5056	1
5057	1
5058	2
5059	3
5060	2
5061	2
5062	4
5063	3
5064	4
5065	2
5066	4
5067	2
5068	3
5069	4
5070	4
5071	1
5072	2
5073	4
5074	4
5075	3
5076	2
5077	2
5078	2
5079	2
5080	3
5081	4
5082	4
5083	4
5084	2
5085	4
5086	3
5087	2
5088	2
5089	3
5090	3
5091	1
5092	2
5093	1
5094	2
5095	1
5096	4
5097	3
5098	2
5099	3
5100	3
5101	4
5102	3
5103	3
5104	2
5105	4
5106	3
5107	2
5108	2
5109	2
5110	2
5111	2
5112	4
5113	1
5114	4
5115	3
5116	3
5117	4
5118	4
5119	2
5120	3
5121	2
5122	4
5123	3
5124	3
5125	3
5126	2
5127	4
5128	1
5129	4
5130	1
5131	1
5132	3
5133	1
5134	1
5135	4
5136	2
5137	4
5138	1
5139	4
5140	4
5141	4
5142	1
5143	1
5144	2
5145	2
5146	1
5147	2
5148	4
5149	3
5150	2
5151	2
5152	3
5153	1
5154	2
5155	4
5156	1
5157	4
5158	3
5159	2
5160	4
5161	4
5162	4
5163	3
5164	3
5165	2
5166	2
5167	2
5168	2
5169	1
5170	4
5171	1
5172	3
5173	2
5174	3
5175	4
5176	2
5177	2
5178	4
5179	2
5180	2
5181	2
5182	2
5183	2
5184	4
5185	4
5186	3
5187	4
5188	4
5189	4
5190	4
5191	2
5192	4
5193	4
5194	1
5195	4
5196	2
5197	4
5198	2
5199	2
5200	3
5201	2
5202	2
5203	4
5204	1
5205	1
5206	1
5207	4
5208	4
5209	4
5210	3
5211	3
5212	4
5213	2
5214	4
5215	2
5216	1
5217	1
5218	4
5219	1
5220	4
5221	3
5222	4
5223	3
5224	2
5225	4
5226	2
5227	2
5228	1
5229	1
5230	1
5231	3
5232	2
5233	4
5234	1
5235	3
5236	4
5237	2
5238	4
5239	4
5240	4
5241	2
5242	4
5243	3
5244	4
5245	1
5246	2
5247	3
5248	3
5249	3
5250	2
5251	1
5252	2
5253	1
5254	1
5255	3
5256	4
5257	3
5258	2
5259	2
5260	4
5261	2
5262	3
5263	4
5264	4
5265	4
5266	2
5267	2
5268	4
5269	4
5270	1
5271	1
5272	4
5273	2
5274	2
5275	3
5276	2
5277	4
5278	3
5279	1
5280	3
5281	1
5282	2
5283	3
5284	4
5285	3
5286	4
5287	2
5288	3
5289	3
5290	4
5291	4
5292	3
5293	1
5294	1
5295	2
5296	4
5297	4
5298	1
5299	4
5300	4
5301	4
5302	1
5303	2
5304	4
5305	2
5306	4
5307	1
5308	4
5309	4
5310	1
5311	1
5312	4
5313	4
5314	2
5315	4
5316	1
5317	2
5318	3
5319	2
5320	1
5321	1
5322	3
5323	1
5324	3
5325	1
5326	2
5327	1
5328	3
5329	3
5330	2
5331	1
5332	4
5333	1
5334	2
5335	4
5336	4
5337	3
5338	3
5339	4
5340	2
5341	2
5342	1
5343	4
5344	2
5345	2
5346	2
5347	1
5348	4
5349	1
5350	4
5351	1
5352	4
5353	3
5354	1
5355	4
5356	2
5357	3
5358	1
5359	3
5360	2
5361	1
5362	2
5363	3
5364	2
5365	4
5366	4
5367	3
5368	2
5369	4
5370	1
5371	3
5372	2
5373	3
5374	4
5375	1
5376	4
5377	2
5378	3
5379	2
5380	1
5381	2
5382	2
5383	3
5384	3
5385	3
5386	3
5387	3
5388	4
5389	1
5390	2
5391	2
5392	4
5393	4
5394	3
5395	4
5396	2
5397	2
5398	2
5399	2
5400	3
5401	3
5402	3
5403	1
5404	4
5405	2
5406	1
5407	1
5408	1
5409	3
5410	3
5411	1
5412	4
5413	2
5414	2
5415	4
5416	4
5417	4
5418	4
5419	1
5420	2
5421	2
5422	1
5423	1
5424	2
5425	3
5426	3
5427	2
5428	3
5429	1
5430	1
5431	3
5432	2
5433	2
5434	2
5435	4
5436	3
5437	1
5438	2
5439	2
5440	4
5441	3
5442	1
5443	1
5444	4
5445	1
5446	1
5447	1
5448	1
5449	4
5450	1
5451	2
5452	1
5453	4
5454	1
5455	2
5456	3
5457	4
5458	2
5459	4
5460	3
5461	2
5462	3
5463	3
5464	2
5465	3
5466	3
5467	2
5468	1
5469	3
5470	3
5471	2
5472	4
5473	3
5474	1
5475	4
5476	1
5477	3
5478	3
5479	2
5480	4
5481	3
5482	3
5483	3
5484	2
5485	3
5486	3
5487	4
5488	4
5489	1
5490	1
5491	1
5492	3
5493	1
5494	4
5495	1
5496	2
5497	4
5498	2
5499	2
5500	3
5501	4
5502	2
5503	4
5504	1
5505	3
5506	4
5507	3
5508	1
5509	2
5510	3
5511	1
5512	4
5513	4
5514	4
5515	3
5516	4
5517	2
5518	3
5519	4
5520	1
5521	4
5522	1
5523	2
5524	1
5525	2
5526	1
5527	3
5528	4
5529	4
5530	3
5531	4
5532	1
5533	1
5534	2
5535	4
5536	3
5537	3
5538	2
5539	2
5540	1
5541	4
5542	3
5543	2
5544	3
5545	3
5546	3
5547	3
5548	3
5549	1
5550	1
5551	4
5552	3
5553	3
5554	2
5555	4
5556	4
5557	1
5558	2
5559	2
5560	1
5561	3
5562	4
5563	3
5564	4
5565	3
5566	4
5567	3
5568	4
5569	3
5570	1
5571	2
5572	2
5573	4
5574	3
5575	4
5576	2
5577	4
5578	3
5579	3
5580	3
5581	1
5582	4
5583	2
5584	1
5585	4
5586	1
5587	2
5588	4
5589	2
5590	4
5591	2
5592	3
5593	4
5594	4
5595	1
5596	1
5597	4
5598	2
5599	1
5600	2
5601	2
5602	3
5603	1
5604	2
5605	2
5606	3
5607	1
5608	4
5609	1
5610	3
5611	3
5612	2
5613	2
5614	1
5615	2
5616	2
5617	3
5618	4
5619	4
5620	1
5621	1
5622	1
5623	4
5624	4
5625	2
5626	3
5627	1
5628	4
5629	4
5630	1
5631	4
5632	3
5633	2
5634	4
5635	2
5636	2
5637	2
5638	4
5639	4
5640	4
5641	1
5642	3
5643	2
5644	1
5645	1
5646	1
5647	3
5648	4
5649	4
5650	1
5651	2
5652	2
5653	2
5654	3
5655	2
5656	3
5657	4
5658	2
5659	4
5660	1
5661	2
5662	2
5663	3
5664	1
5665	3
5666	1
5667	3
5668	1
5669	2
5670	2
5671	4
5672	4
5673	1
5674	2
5675	3
5676	4
5677	4
5678	4
5679	4
5680	4
5681	3
5682	4
5683	2
5684	2
5685	2
5686	4
5687	1
5688	1
5689	3
5690	4
5691	3
5692	1
5693	1
5694	2
5695	1
5696	3
5697	4
5698	4
5699	3
5700	2
5701	1
5702	3
5703	1
5704	3
5705	2
5706	2
5707	2
5708	2
5709	1
5710	2
5711	4
5712	3
5713	2
5714	2
5715	4
5716	4
5717	4
5718	3
5719	4
5720	1
5721	3
5722	4
5723	4
5724	1
5725	4
5726	3
5727	3
5728	4
5729	1
5730	2
5731	3
5732	1
5733	2
5734	1
5735	4
5736	4
5737	2
5738	4
5739	2
5740	1
5741	2
5742	1
5743	3
5744	3
5745	3
5746	2
5747	3
5748	1
5749	1
5750	1
5751	3
5752	3
5753	4
5754	3
5755	4
5756	1
5757	1
5758	4
5759	3
5760	2
5761	2
5762	2
5763	3
5764	3
5765	1
5766	4
5767	2
5768	3
5769	3
5770	1
5771	4
5772	2
5773	2
5774	4
5775	4
5776	1
5777	1
5778	1
5779	2
5780	4
5781	3
5782	2
5783	1
5784	3
5785	3
5786	2
5787	2
5788	4
5789	4
5790	2
5791	1
5792	2
5793	2
5794	2
5795	1
5796	2
5797	1
5798	2
5799	1
5800	1
5801	1
5802	3
5803	4
5804	4
5805	2
5806	4
5807	4
5808	3
5809	4
5810	1
5811	1
5812	2
5813	4
5814	1
5815	2
5816	3
5817	3
5818	1
5819	1
5820	2
5821	2
5822	2
5823	4
5824	4
5825	2
5826	3
5827	4
5828	3
5829	4
5830	4
5831	4
5832	2
5833	1
5834	1
5835	4
5836	3
5837	1
5838	1
5839	2
5840	2
5841	2
5842	3
5843	2
5844	3
5845	3
5846	2
5847	1
5848	3
5849	3
5850	1
5851	4
5852	4
5853	4
5854	1
5855	2
5856	3
5857	4
5858	1
5859	3
5860	2
5861	4
5862	3
5863	1
5864	1
5865	2
5866	1
5867	3
5868	1
5869	4
5870	2
5871	3
5872	1
5873	4
5874	3
5875	1
5876	1
5877	1
5878	3
5879	2
5880	3
5881	4
5882	4
5883	2
5884	1
5885	3
5886	4
5887	2
5888	2
5889	3
5890	1
5891	1
5892	2
5893	3
5894	3
5895	2
5896	1
5897	2
5898	2
5899	4
5900	4
5901	2
5902	4
5903	2
5904	1
5905	3
5906	1
5907	3
5908	1
5909	2
5910	4
5911	3
5912	1
5913	4
5914	1
5915	3
5916	3
5917	1
5918	3
5919	3
5920	4
5921	2
5922	2
5923	2
5924	3
5925	4
5926	1
5927	2
5928	2
5929	1
5930	3
5931	3
5932	3
5933	2
5934	3
5935	2
5936	4
5937	1
5938	3
5939	3
5940	3
5941	3
5942	4
5943	2
5944	2
5945	3
5946	3
5947	2
5948	4
5949	1
5950	1
5951	1
5952	4
5953	4
5954	4
5955	4
5956	4
5957	2
5958	1
5959	1
5960	3
5961	4
5962	4
5963	3
5964	4
5965	3
5966	4
5967	2
5968	1
5969	1
5970	2
5971	4
5972	3
5973	4
5974	2
5975	2
5976	3
5977	2
5978	3
5979	1
5980	1
5981	1
5982	2
5983	4
5984	1
5985	3
5986	4
5987	4
5988	1
5989	2
5990	1
5991	4
5992	4
5993	1
5994	2
5995	2
5996	4
5997	4
5998	3
5999	2
6000	2
6001	1
6002	4
6003	4
6004	1
6005	2
6006	2
6007	2
6008	4
6009	2
6010	2
6011	3
6012	3
6013	1
6014	1
6015	3
6016	4
6017	1
6018	4
6019	3
6020	3
6021	4
6022	2
6023	1
6024	3
6025	4
6026	4
6027	4
6028	3
6029	3
6030	2
6031	1
6032	2
6033	4
6034	1
6035	2
6036	3
6037	4
6038	1
6039	2
6040	3
6041	1
6042	1
6043	3
6044	1
6045	1
6046	3
6047	3
6048	1
6049	4
6050	4
6051	2
6052	4
6053	2
6054	3
6055	1
6056	4
6057	4
6058	1
6059	4
6060	3
6061	3
6062	1
6063	3
6064	1
6065	4
6066	1
6067	4
6068	4
6069	3
6070	3
6071	2
6072	2
6073	3
6074	4
6075	3
6076	3
6077	4
6078	3
6079	2
6080	2
6081	2
6082	1
6083	2
6084	3
6085	3
6086	1
6087	1
6088	2
6089	4
6090	2
6091	1
6092	1
6093	1
6094	2
6095	3
6096	1
6097	1
6098	4
6099	3
6100	4
6101	4
6102	3
6103	2
6104	3
6105	3
6106	1
6107	3
6108	3
6109	1
6110	4
6111	3
6112	1
6113	1
6114	2
6115	3
6116	2
6117	3
6118	2
6119	1
6120	4
6121	1
6122	4
6123	2
6124	1
6125	1
6126	1
6127	2
6128	4
6129	2
6130	1
6131	3
6132	2
6133	1
6134	2
6135	4
6136	2
6137	4
6138	4
6139	1
6140	4
6141	3
6142	3
6143	3
6144	2
6145	2
6146	1
6147	1
6148	4
6149	3
6150	2
6151	2
6152	3
6153	1
6154	4
6155	4
6156	3
6157	4
6158	1
6159	4
6160	4
6161	1
6162	3
6163	3
6164	4
6165	2
6166	3
6167	2
6168	3
6169	1
6170	4
6171	3
6172	3
6173	1
6174	1
6175	1
6176	1
6177	3
6178	2
6179	4
6180	3
6181	4
6182	4
6183	2
6184	3
6185	1
6186	2
6187	2
6188	3
6189	1
6190	2
6191	3
6192	1
6193	3
6194	2
6195	1
6196	2
6197	2
6198	2
6199	2
6200	4
6201	3
6202	1
6203	1
6204	4
6205	3
6206	4
6207	4
6208	1
6209	4
6210	3
6211	2
6212	1
6213	3
6214	1
6215	3
6216	2
6217	3
6218	3
6219	3
6220	4
6221	4
6222	2
6223	4
6224	1
6225	1
6226	2
6227	1
6228	1
6229	4
6230	1
6231	1
6232	3
6233	2
6234	1
6235	2
6236	1
6237	1
6238	2
6239	4
6240	1
6241	1
6242	2
6243	1
6244	2
6245	1
6246	4
6247	2
6248	4
6249	3
6250	4
6251	3
6252	4
6253	1
6254	2
6255	3
6256	2
6257	1
6258	1
6259	4
6260	4
6261	1
6262	1
6263	1
6264	4
6265	3
6266	1
6267	1
6268	3
6269	2
6270	1
6271	3
6272	4
6273	3
6274	2
6275	3
6276	4
6277	3
6278	3
6279	2
6280	3
6281	2
6282	3
6283	4
6284	2
6285	4
6286	1
6287	4
6288	1
6289	3
6290	1
6291	2
6292	1
6293	1
6294	1
6295	1
6296	4
6297	4
6298	2
6299	4
6300	3
6301	4
6302	1
6303	4
6304	2
6305	2
6306	3
6307	4
6308	3
6309	3
6310	2
6311	4
6312	1
6313	4
6314	3
6315	4
6316	3
6317	2
6318	2
6319	4
6320	3
6321	1
6322	2
6323	1
6324	3
6325	4
6326	4
6327	4
6328	2
6329	4
6330	3
6331	2
6332	4
6333	2
6334	4
6335	4
6336	4
6337	3
6338	3
6339	3
6340	4
6341	4
6342	3
6343	1
6344	2
6345	4
6346	3
6347	2
6348	3
6349	1
6350	1
6351	4
6352	3
6353	3
6354	1
6355	2
6356	3
6357	4
6358	2
6359	3
6360	2
6361	1
6362	3
6363	3
6364	1
6365	1
6366	2
6367	2
6368	3
6369	3
6370	4
6371	1
6372	2
6373	2
6374	1
6375	3
6376	1
6377	2
6378	1
6379	4
6380	3
6381	1
6382	4
6383	1
6384	3
6385	2
6386	4
6387	1
6388	2
6389	2
6390	2
6391	1
6392	3
6393	1
6394	2
6395	3
6396	4
6397	3
6398	2
6399	3
6400	3
6401	4
6402	4
6403	1
6404	4
6405	1
6406	4
6407	2
6408	1
6409	1
6410	3
6411	1
6412	2
6413	3
6414	2
6415	3
6416	2
6417	3
6418	4
6419	2
6420	2
6421	3
6422	4
6423	4
6424	3
6425	1
6426	4
6427	2
6428	4
6429	2
6430	4
6431	4
6432	3
6433	2
6434	4
6435	3
6436	3
6437	1
6438	2
6439	1
6440	2
6441	2
6442	1
6443	3
6444	4
6445	2
6446	2
6447	1
6448	1
6449	3
6450	2
6451	1
6452	4
6453	4
6454	4
6455	1
6456	1
6457	2
6458	3
6459	2
6460	4
6461	4
6462	3
6463	1
6464	3
6465	4
6466	1
6467	2
6468	2
6469	1
6470	4
6471	1
6472	2
6473	3
6474	3
6475	1
6476	1
6477	1
6478	4
6479	4
6480	4
6481	1
6482	4
6483	3
6484	1
6485	2
6486	4
6487	3
6488	1
6489	3
6490	3
6491	4
6492	4
6493	3
6494	4
6495	2
6496	1
6497	4
6498	4
6499	4
6500	2
6501	3
6502	1
6503	2
6504	2
6505	1
6506	1
6507	1
6508	2
6509	1
6510	2
6511	1
6512	2
6513	4
6514	4
6515	4
6516	3
6517	2
6518	4
6519	4
6520	4
6521	1
6522	3
6523	3
6524	1
6525	1
6526	2
6527	3
6528	2
6529	4
6530	1
6531	1
6532	3
6533	1
6534	4
6535	3
6536	1
6537	3
6538	1
6539	4
6540	4
6541	4
6542	2
6543	3
6544	3
6545	4
6546	1
6547	2
6548	1
6549	2
6550	3
6551	4
6552	3
6553	2
6554	4
6555	2
6556	4
6557	3
6558	3
6559	4
6560	2
6561	3
6562	2
6563	1
6564	2
6565	2
6566	2
6567	2
6568	1
6569	2
6570	2
6571	2
6572	3
6573	4
6574	2
6575	4
6576	2
6577	1
6578	4
6579	4
6580	3
6581	1
6582	3
6583	4
6584	2
6585	3
6586	4
6587	3
6588	2
6589	2
6590	1
6591	3
6592	4
6593	4
6594	3
6595	2
6596	2
6597	2
6598	4
6599	2
6600	2
6601	2
6602	1
6603	3
6604	3
6605	4
6606	4
6607	4
6608	1
6609	1
6610	4
6611	1
6612	1
6613	1
6614	2
6615	4
6616	2
6617	2
6618	1
6619	4
6620	4
6621	4
6622	4
6623	1
6624	1
6625	3
6626	2
6627	2
6628	2
6629	3
6630	2
6631	1
6632	1
6633	3
6634	3
6635	4
6636	3
6637	1
6638	4
6639	4
6640	1
6641	3
6642	2
6643	4
6644	2
6645	2
6646	4
6647	2
6648	3
6649	3
6650	3
6651	2
6652	2
6653	1
6654	1
6655	4
6656	2
6657	4
6658	2
6659	4
6660	2
6661	3
6662	4
6663	2
6664	3
6665	4
6666	1
6667	4
6668	4
6669	1
6670	2
6671	3
6672	2
6673	4
6674	3
6675	1
6676	3
6677	1
6678	4
6679	2
6680	2
6681	4
6682	3
6683	1
6684	2
6685	1
6686	1
6687	2
6688	3
6689	1
6690	4
6691	2
6692	4
6693	4
6694	3
6695	4
6696	3
6697	4
6698	3
6699	2
6700	4
6701	1
6702	3
6703	4
6704	1
6705	4
6706	1
6707	2
6708	4
6709	2
6710	1
6711	4
6712	1
6713	4
6714	2
6715	2
6716	1
6717	3
6718	3
6719	4
6720	3
6721	4
6722	1
6723	4
6724	3
6725	2
6726	1
6727	4
6728	1
6729	3
6730	4
6731	3
6732	2
6733	4
6734	2
6735	2
6736	4
6737	1
6738	1
6739	4
6740	3
6741	1
6742	3
6743	4
6744	1
6745	3
6746	1
6747	2
6748	4
6749	2
6750	4
6751	2
6752	1
6753	3
6754	1
6755	1
6756	1
6757	3
6758	1
6759	4
6760	3
6761	1
6762	4
6763	2
6764	1
6765	3
6766	2
6767	4
6768	2
6769	3
6770	1
6771	2
6772	4
6773	2
6774	3
6775	1
6776	1
6777	3
6778	3
6779	3
6780	2
6781	1
6782	1
6783	3
6784	3
6785	3
6786	2
6787	2
6788	1
6789	2
6790	1
6791	2
6792	3
6793	2
6794	1
6795	1
6796	3
6797	2
6798	1
6799	2
6800	3
6801	3
6802	2
6803	1
6804	2
6805	2
6806	4
6807	3
6808	1
6809	2
6810	3
6811	2
6812	1
6813	4
6814	2
6815	4
6816	1
6817	2
6818	2
6819	4
6820	2
6821	1
6822	3
6823	1
6824	3
6825	3
6826	3
6827	1
6828	3
6829	3
6830	3
6831	3
6832	3
6833	1
6834	1
6835	4
6836	1
6837	3
6838	2
6839	4
6840	4
6841	1
6842	4
6843	3
6844	1
6845	4
6846	1
6847	3
6848	4
6849	3
6850	1
6851	4
6852	3
6853	1
6854	3
6855	4
6856	2
6857	1
6858	1
6859	4
6860	1
6861	2
6862	1
6863	1
6864	1
6865	1
6866	2
6867	2
6868	4
6869	2
6870	4
6871	4
6872	1
6873	2
6874	2
6875	1
6876	3
6877	3
6878	2
6879	3
6880	2
6881	3
6882	3
6883	2
6884	3
6885	4
6886	1
6887	3
6888	3
6889	4
6890	3
6891	1
6892	3
6893	1
6894	4
6895	2
6896	1
6897	1
6898	3
6899	1
6900	2
6901	4
6902	4
6903	2
6904	3
6905	2
6906	1
6907	4
6908	2
6909	3
6910	2
6911	3
6912	4
6913	2
6914	2
6915	3
6916	3
6917	4
6918	4
6919	4
6920	4
6921	1
6922	3
6923	4
6924	2
6925	4
6926	4
6927	3
6928	4
6929	1
6930	3
6931	1
6932	3
6933	2
6934	4
6935	2
6936	1
6937	3
6938	4
6939	4
6940	2
6941	2
6942	4
6943	1
6944	1
6945	2
6946	3
6947	2
6948	4
6949	1
6950	4
6951	4
6952	1
6953	1
6954	3
6955	4
6956	2
6957	3
6958	1
6959	1
6960	1
6961	4
6962	1
6963	1
6964	3
6965	1
6966	1
6967	2
6968	4
6969	2
6970	2
6971	2
6972	1
6973	3
6974	1
6975	4
6976	3
6977	3
6978	4
6979	1
6980	1
6981	2
6982	2
6983	1
6984	1
6985	2
6986	4
6987	2
6988	1
6989	2
6990	4
6991	3
6992	2
6993	1
6994	1
6995	2
6996	1
6997	2
6998	2
6999	3
7000	2
7001	4
7002	1
7003	2
7004	2
7005	2
7006	3
7007	4
7008	1
7009	2
7010	4
7011	1
7012	1
7013	4
7014	1
7015	2
7016	3
7017	4
7018	2
7019	2
7020	4
7021	4
7022	3
7023	3
7024	4
7025	3
7026	4
7027	4
7028	1
7029	3
7030	3
7031	1
7032	4
7033	4
7034	2
7035	2
7036	4
7037	2
7038	3
7039	4
7040	2
7041	2
7042	1
7043	2
7044	2
7045	3
7046	3
7047	2
7048	1
7049	1
7050	4
7051	2
7052	3
7053	2
7054	1
7055	4
7056	4
7057	3
7058	2
7059	1
7060	2
7061	4
7062	4
7063	2
7064	3
7065	4
7066	1
7067	2
7068	2
7069	2
7070	1
7071	1
7072	3
7073	2
7074	4
7075	3
7076	1
7077	1
7078	3
7079	3
7080	3
7081	2
7082	3
7083	4
7084	3
7085	4
7086	4
7087	1
7088	1
7089	3
7090	2
7091	3
7092	2
7093	4
7094	1
7095	4
7096	3
7097	3
7098	2
7099	3
7100	3
7101	3
7102	2
7103	1
7104	2
7105	3
7106	1
7107	2
7108	2
7109	3
7110	1
7111	1
7112	4
7113	4
7114	2
7115	3
7116	3
7117	4
7118	4
7119	3
7120	1
7121	2
7122	2
7123	4
7124	4
7125	4
7126	1
7127	2
7128	4
7129	1
7130	3
7131	3
7132	4
7133	3
7134	3
7135	1
7136	1
7137	4
7138	2
7139	2
7140	1
7141	4
7142	1
7143	3
7144	2
7145	4
7146	4
7147	4
7148	1
7149	3
7150	3
7151	4
7152	2
7153	1
7154	3
7155	2
7156	3
7157	4
7158	4
7159	4
7160	4
7161	3
7162	3
7163	2
7164	2
7165	3
7166	1
7167	1
7168	1
7169	4
7170	1
7171	4
7172	3
7173	1
7174	3
7175	1
7176	4
7177	1
7178	2
7179	3
7180	1
7181	3
7182	1
7183	4
7184	2
7185	4
7186	3
7187	3
7188	4
7189	3
7190	1
7191	2
7192	1
7193	1
7194	1
7195	4
7196	3
7197	2
7198	1
7199	4
7200	1
7201	2
7202	1
7203	2
7204	4
7205	1
7206	1
7207	2
7208	3
7209	4
7210	1
7211	1
7212	4
7213	2
7214	1
7215	1
7216	2
7217	1
7218	1
7219	4
7220	1
7221	4
7222	4
7223	1
7224	3
7225	2
7226	1
7227	3
7228	1
7229	4
7230	4
7231	2
7232	4
7233	4
7234	2
7235	1
7236	4
7237	4
7238	4
7239	3
7240	3
7241	1
7242	1
7243	4
7244	3
7245	1
7246	2
7247	4
7248	4
7249	3
7250	3
7251	3
7252	2
7253	2
7254	4
7255	4
7256	4
7257	4
7258	3
7259	3
7260	2
7261	4
7262	2
7263	1
7264	4
7265	3
7266	1
7267	1
7268	3
7269	3
7270	2
7271	4
7272	2
7273	2
7274	1
7275	1
7276	4
7277	1
7278	2
7279	1
7280	3
7281	3
7282	4
7283	2
7284	3
7285	3
7286	1
7287	2
7288	1
7289	3
7290	3
7291	3
7292	2
7293	2
7294	4
7295	2
7296	4
7297	4
7298	3
7299	2
7300	4
7301	2
7302	1
7303	1
7304	3
7305	2
7306	3
7307	1
7308	2
7309	4
7310	2
7311	4
7312	3
7313	2
7314	1
7315	3
7316	4
7317	2
7318	1
7319	2
7320	2
7321	4
7322	2
7323	1
7324	3
7325	2
7326	3
7327	2
7328	3
7329	2
7330	4
7331	4
7332	3
7333	4
7334	4
7335	3
7336	1
7337	4
7338	3
7339	2
7340	4
7341	3
7342	1
7343	3
7344	1
7345	4
7346	3
7347	2
7348	3
7349	3
7350	4
7351	2
7352	2
7353	2
7354	2
7355	2
7356	3
7357	2
7358	1
7359	2
7360	2
7361	4
7362	2
7363	2
7364	4
7365	1
7366	2
7367	4
7368	4
7369	2
7370	3
7371	4
7372	3
7373	3
7374	4
7375	2
7376	4
7377	3
7378	4
7379	2
7380	4
7381	1
7382	4
7383	1
7384	4
7385	1
7386	2
7387	4
7388	2
7389	4
7390	4
7391	1
7392	3
7393	1
7394	3
7395	3
7396	4
7397	1
7398	1
7399	2
7400	3
7401	2
7402	3
7403	2
7404	2
7405	4
7406	4
7407	2
7408	1
7409	2
7410	3
7411	1
7412	1
7413	2
7414	4
7415	2
7416	2
7417	3
7418	2
7419	4
7420	3
7421	1
7422	2
7423	3
7424	1
7425	2
7426	3
7427	4
7428	3
7429	3
7430	2
7431	1
7432	4
7433	4
7434	1
7435	1
7436	3
7437	3
7438	2
7439	3
7440	4
7441	4
7442	2
7443	1
7444	1
7445	4
7446	1
7447	3
7448	4
7449	1
7450	4
7451	4
7452	4
7453	4
7454	2
7455	4
7456	2
7457	4
7458	1
7459	1
7460	4
7461	2
7462	4
7463	4
7464	3
7465	2
7466	1
7467	1
7468	3
7469	1
7470	1
7471	1
7472	3
7473	1
7474	1
7475	4
7476	1
7477	2
7478	4
7479	4
7480	2
7481	1
7482	1
7483	3
7484	2
7485	3
7486	1
7487	3
7488	4
7489	1
7490	3
7491	3
7492	1
7493	2
7494	3
7495	4
7496	3
7497	4
7498	3
7499	1
7500	3
7501	2
7502	3
7503	4
7504	1
7505	3
7506	4
7507	3
7508	1
7509	4
7510	1
7511	1
7512	1
7513	4
7514	2
7515	1
7516	3
7517	1
7518	2
7519	1
7520	2
7521	2
7522	3
7523	4
7524	2
7525	2
7526	3
7527	2
7528	1
7529	3
7530	1
7531	4
7532	4
7533	1
7534	1
7535	2
7536	4
7537	2
7538	3
7539	3
7540	3
7541	3
7542	4
7543	1
7544	1
7545	3
7546	4
7547	4
7548	2
7549	2
7550	4
7551	4
7552	4
7553	2
7554	3
7555	3
7556	2
7557	4
7558	2
7559	3
7560	3
7561	4
7562	1
7563	1
7564	4
7565	1
7566	3
7567	4
7568	4
7569	2
7570	1
7571	2
7572	1
7573	3
7574	1
7575	2
7576	1
7577	1
7578	2
7579	3
7580	3
7581	2
7582	4
7583	4
7584	2
7585	4
7586	3
7587	3
7588	2
7589	4
7590	2
7591	4
7592	4
7593	1
7594	2
7595	2
7596	3
7597	1
7598	4
7599	2
7600	4
7601	3
7602	2
7603	4
7604	3
7605	1
7606	1
7607	3
7608	2
7609	3
7610	1
7611	2
7612	1
7613	4
7614	2
7615	3
7616	4
7617	1
7618	1
7619	1
7620	2
7621	4
7622	2
7623	3
7624	4
7625	3
7626	1
7627	4
7628	3
7629	3
7630	3
7631	4
7632	2
7633	3
7634	1
7635	3
7636	1
7637	4
7638	4
7639	1
7640	2
7641	2
7642	1
7643	4
7644	4
7645	4
7646	2
7647	3
7648	4
7649	1
7650	2
7651	4
7652	1
7653	1
7654	2
7655	1
7656	2
7657	3
7658	4
7659	4
7660	3
7661	2
7662	2
7663	2
7664	4
7665	2
7666	1
7667	2
7668	2
7669	4
7670	3
7671	1
7672	3
7673	3
7674	1
7675	4
7676	4
7677	3
7678	1
7679	1
7680	4
7681	3
7682	2
7683	4
7684	2
7685	3
7686	3
7687	3
7688	1
7689	2
7690	3
7691	2
7692	2
7693	4
7694	3
7695	2
7696	2
7697	3
7698	4
7699	4
7700	4
7701	4
7702	1
7703	1
7704	4
7705	2
7706	1
7707	4
7708	1
7709	4
7710	2
7711	4
7712	1
7713	4
7714	1
7715	1
7716	1
7717	4
7718	3
7719	3
7720	1
7721	1
7722	3
7723	4
7724	2
7725	2
7726	4
7727	1
7728	3
7729	4
7730	3
7731	3
7732	3
7733	2
7734	1
7735	1
7736	2
7737	1
7738	4
7739	2
7740	3
7741	2
7742	2
7743	3
7744	1
7745	2
7746	4
7747	3
7748	2
7749	3
7750	1
7751	2
7752	1
7753	4
7754	2
7755	1
7756	2
7757	1
7758	3
7759	3
7760	4
7761	4
7762	1
7763	4
7764	1
7765	3
7766	4
7767	2
7768	2
7769	1
7770	3
7771	3
7772	4
7773	3
7774	2
7775	3
7776	3
7777	3
7778	4
7779	3
7780	1
7781	3
7782	4
7783	4
7784	1
7785	4
7786	3
7787	2
7788	2
7789	2
7790	1
7791	4
7792	3
7793	3
7794	1
7795	4
7796	1
7797	2
7798	2
7799	3
7800	3
7801	3
7802	1
7803	3
7804	1
7805	4
7806	2
7807	2
7808	1
7809	2
7810	1
7811	3
7812	2
7813	2
7814	2
7815	2
7816	3
7817	4
7818	2
7819	1
7820	3
7821	1
7822	2
7823	1
7824	4
7825	1
7826	3
7827	3
7828	4
7829	1
7830	3
7831	4
7832	2
7833	3
7834	4
7835	3
7836	1
7837	2
7838	3
7839	2
7840	2
7841	1
7842	3
7843	1
7844	1
7845	4
7846	4
7847	4
7848	3
7849	1
7850	2
7851	4
7852	4
7853	4
7854	1
7855	3
7856	1
7857	4
7858	3
7859	4
7860	3
7861	3
7862	2
7863	4
7864	3
7865	4
7866	1
7867	2
7868	1
7869	1
7870	3
7871	4
7872	3
7873	2
7874	2
7875	1
7876	1
7877	1
7878	3
7879	2
7880	2
7881	4
7882	3
7883	3
7884	3
7885	1
7886	3
7887	3
7888	2
7889	4
7890	4
7891	1
7892	2
7893	2
7894	3
7895	1
7896	4
7897	4
7898	1
7899	1
7900	1
7901	4
7902	4
7903	3
7904	4
7905	4
7906	4
7907	1
7908	1
7909	3
7910	3
7911	3
7912	4
7913	2
7914	3
7915	3
7916	3
7917	1
7918	3
7919	2
7920	3
7921	1
7922	2
7923	2
7924	2
7925	1
7926	3
7927	2
7928	3
7929	2
7930	4
7931	2
7932	4
7933	3
7934	3
7935	1
7936	4
7937	2
7938	3
7939	4
7940	2
7941	1
7942	3
7943	3
7944	3
7945	2
7946	4
7947	1
7948	3
7949	2
7950	1
7951	4
7952	4
7953	1
7954	1
7955	1
7956	2
7957	3
7958	4
7959	3
7960	1
7961	2
7962	3
7963	2
7964	3
7965	4
7966	1
7967	3
7968	4
7969	3
7970	4
7971	2
7972	2
7973	2
7974	3
7975	4
7976	3
7977	1
7978	2
7979	2
7980	1
7981	2
7982	2
7983	3
7984	3
7985	3
7986	4
7987	4
7988	4
7989	4
7990	1
7991	2
7992	2
7993	3
7994	1
7995	1
7996	2
7997	4
7998	3
7999	2
8000	3
8001	3
8002	1
8003	3
8004	1
8005	4
8006	4
8007	4
8008	4
8009	1
8010	2
8011	4
8012	2
8013	2
8014	3
8015	1
8016	1
8017	2
8018	4
8019	3
8020	3
8021	2
8022	1
8023	2
8024	2
8025	1
8026	1
8027	1
8028	2
8029	3
8030	2
8031	1
8032	3
8033	4
8034	4
8035	4
8036	3
8037	4
8038	1
8039	2
8040	2
8041	2
8042	3
8043	3
8044	2
8045	1
8046	2
8047	1
8048	1
8049	2
8050	1
8051	2
8052	4
8053	3
8054	1
8055	2
8056	3
8057	3
8058	4
8059	3
8060	3
8061	3
8062	2
8063	2
8064	2
8065	4
8066	3
8067	3
8068	3
8069	1
8070	3
8071	1
8072	3
8073	2
8074	4
8075	4
8076	2
8077	4
8078	4
8079	1
8080	3
8081	3
8082	4
8083	2
8084	3
8085	4
8086	4
8087	1
8088	4
8089	3
8090	2
8091	3
8092	4
8093	2
8094	3
8095	1
8096	4
8097	2
8098	4
8099	1
8100	2
8101	1
8102	3
8103	3
8104	2
8105	4
8106	2
8107	1
8108	2
8109	2
8110	4
8111	2
8112	3
8113	2
8114	2
8115	4
8116	4
8117	1
8118	4
8119	4
8120	2
8121	3
8122	2
8123	2
8124	1
8125	4
8126	1
8127	3
8128	1
8129	4
8130	4
8131	2
8132	3
8133	4
8134	3
8135	3
8136	1
8137	3
8138	2
8139	2
8140	3
8141	3
8142	1
8143	2
8144	2
8145	3
8146	2
8147	1
8148	3
8149	4
8150	2
8151	2
8152	1
8153	1
8154	4
8155	3
8156	4
8157	2
8158	2
8159	1
8160	2
8161	2
8162	1
8163	3
8164	2
8165	3
8166	3
8167	2
8168	4
8169	3
8170	3
8171	1
8172	1
8173	3
8174	4
8175	1
8176	4
8177	1
8178	2
8179	1
8180	3
8181	4
8182	2
8183	3
8184	4
8185	1
8186	2
8187	2
8188	2
8189	1
8190	1
8191	2
8192	4
8193	1
8194	2
8195	3
8196	3
8197	2
8198	3
8199	2
8200	4
8201	1
8202	3
8203	4
8204	4
8205	4
8206	3
8207	1
8208	4
8209	4
8210	3
8211	1
8212	3
8213	2
8214	1
8215	4
8216	3
8217	4
8218	2
8219	3
8220	2
8221	4
8222	4
8223	1
8224	2
8225	2
8226	1
8227	3
8228	3
8229	2
8230	4
8231	1
8232	3
8233	4
8234	3
8235	1
8236	2
8237	3
8238	2
8239	3
8240	4
8241	2
8242	2
8243	4
8244	3
8245	2
8246	4
8247	1
8248	2
8249	1
8250	2
8251	3
8252	1
8253	3
8254	4
8255	2
8256	1
8257	4
8258	2
8259	1
8260	4
8261	4
8262	3
8263	4
8264	1
8265	3
8266	4
8267	3
8268	4
8269	2
8270	3
8271	2
8272	2
8273	3
8274	4
8275	3
8276	1
8277	2
8278	2
8279	4
8280	3
8281	4
8282	3
8283	2
8284	3
8285	4
8286	1
8287	2
8288	3
8289	3
8290	1
8291	4
8292	4
8293	3
8294	2
8295	2
8296	1
8297	4
8298	3
8299	3
8300	1
8301	4
8302	3
8303	2
8304	2
8305	3
8306	1
8307	4
8308	1
8309	3
8310	4
8311	1
8312	4
8313	4
8314	4
8315	3
8316	2
8317	1
8318	4
8319	4
8320	4
8321	2
8322	4
8323	3
8324	3
8325	2
8326	1
8327	2
8328	1
8329	1
8330	1
8331	2
8332	3
8333	4
8334	2
8335	4
8336	1
8337	1
8338	3
8339	2
8340	1
8341	3
8342	3
8343	2
8344	4
8345	4
8346	4
8347	2
8348	3
8349	2
8350	3
8351	1
8352	3
8353	4
8354	1
8355	4
8356	1
8357	2
8358	3
8359	2
8360	3
8361	4
8362	2
8363	1
8364	3
8365	2
8366	3
8367	3
8368	3
8369	1
8370	3
8371	1
8372	3
8373	1
8374	2
8375	2
8376	3
8377	1
8378	1
8379	1
8380	4
8381	2
8382	3
8383	1
8384	3
8385	3
8386	3
8387	1
8388	3
8389	4
8390	1
8391	3
8392	4
8393	3
8394	2
8395	4
8396	2
8397	1
8398	4
8399	1
8400	2
8401	2
8402	4
8403	2
8404	3
8405	4
8406	3
8407	1
8408	1
8409	1
8410	3
8411	1
8412	1
8413	2
8414	3
8415	2
8416	2
8417	3
8418	1
8419	4
8420	3
8421	2
8422	1
8423	2
8424	4
8425	2
8426	3
8427	4
8428	3
8429	3
8430	2
8431	1
8432	1
8433	3
8434	4
8435	3
8436	4
8437	3
8438	3
8439	4
8440	1
8441	4
8442	2
8443	4
8444	3
8445	2
8446	3
8447	1
8448	2
8449	1
8450	4
8451	3
8452	2
8453	1
8454	4
8455	2
8456	1
8457	3
8458	1
8459	4
8460	2
8461	2
8462	4
8463	2
8464	4
8465	1
8466	4
8467	1
8468	2
8469	1
8470	1
8471	4
8472	4
8473	2
8474	3
8475	2
8476	4
8477	1
8478	4
8479	4
8480	1
8481	1
8482	3
8483	2
8484	4
8485	2
8486	3
8487	2
8488	1
8489	3
8490	1
8491	1
8492	3
8493	3
8494	2
8495	1
8496	4
8497	2
8498	2
8499	3
8500	4
8501	2
8502	3
8503	3
8504	1
8505	2
8506	3
8507	3
8508	1
8509	4
8510	2
8511	1
8512	4
8513	2
8514	2
8515	4
8516	3
8517	1
8518	4
8519	2
8520	3
8521	4
8522	4
8523	1
8524	4
8525	1
8526	2
8527	4
8528	1
8529	2
8530	3
8531	2
8532	2
8533	3
8534	4
8535	3
8536	4
8537	4
8538	1
8539	2
8540	1
8541	4
8542	1
8543	4
8544	2
8545	2
8546	4
8547	4
8548	3
8549	3
8550	2
8551	2
8552	1
8553	1
8554	2
8555	1
8556	4
8557	1
8558	4
8559	4
8560	1
8561	4
8562	3
8563	3
8564	1
8565	1
8566	3
8567	2
8568	2
8569	4
8570	1
8571	2
8572	2
8573	1
8574	2
8575	1
8576	3
8577	4
8578	4
8579	2
8580	1
8581	1
8582	2
8583	2
8584	1
8585	1
8586	4
8587	2
8588	3
8589	2
8590	3
8591	2
8592	3
8593	4
8594	4
8595	1
8596	4
8597	3
8598	1
8599	3
8600	1
8601	4
8602	4
8603	3
8604	1
8605	4
8606	1
8607	4
8608	4
8609	2
8610	4
8611	3
8612	1
8613	1
8614	3
8615	1
8616	4
8617	4
8618	1
8619	3
8620	1
8621	3
8622	4
8623	3
8624	2
8625	2
8626	4
8627	1
8628	4
8629	4
8630	2
8631	3
8632	3
8633	2
8634	3
8635	2
8636	1
8637	4
8638	3
8639	2
8640	3
8641	1
8642	2
8643	2
8644	4
8645	1
8646	1
8647	1
8648	4
8649	1
8650	4
8651	3
8652	2
8653	3
8654	2
8655	3
8656	1
8657	2
8658	3
8659	2
8660	4
8661	1
8662	3
8663	2
8664	4
8665	1
8666	1
8667	2
8668	1
8669	3
8670	1
8671	3
8672	4
8673	4
8674	4
8675	2
8676	4
8677	1
8678	4
8679	3
8680	4
8681	2
8682	2
8683	1
8684	1
8685	4
8686	4
8687	4
8688	3
8689	3
8690	1
8691	4
8692	2
8693	4
8694	1
8695	4
8696	2
8697	1
8698	4
8699	2
8700	2
8701	3
8702	2
8703	3
8704	2
8705	3
8706	2
8707	2
8708	4
8709	4
8710	3
8711	4
8712	3
8713	3
8714	2
8715	4
8716	4
8717	4
8718	1
8719	3
8720	4
8721	2
8722	3
8723	3
8724	1
8725	3
8726	3
8727	1
8728	3
8729	4
8730	1
8731	4
8732	4
8733	2
8734	2
8735	1
8736	3
8737	4
8738	3
8739	2
8740	2
8741	2
8742	4
8743	4
8744	2
8745	2
8746	3
8747	1
8748	1
8749	4
8750	3
8751	2
8752	2
8753	4
8754	4
8755	3
8756	2
8757	1
8758	1
8759	3
8760	1
8761	4
8762	3
8763	2
8764	3
8765	3
8766	2
8767	4
8768	3
8769	1
8770	1
8771	1
8772	3
8773	3
8774	2
8775	1
8776	1
8777	3
8778	1
8779	2
8780	1
8781	1
8782	2
8783	4
8784	1
8785	4
8786	4
8787	4
8788	3
8789	1
8790	1
8791	4
8792	4
8793	1
8794	4
8795	2
8796	3
8797	1
8798	3
8799	4
8800	3
8801	4
8802	1
8803	2
8804	4
8805	1
8806	1
8807	3
8808	3
8809	4
8810	4
8811	4
8812	2
8813	2
8814	1
8815	2
8816	3
8817	1
8818	4
8819	1
8820	3
8821	2
8822	1
8823	4
8824	1
8825	3
8826	1
8827	3
8828	4
8829	4
8830	3
8831	2
8832	3
8833	2
8834	3
8835	1
8836	4
8837	2
8838	3
8839	1
8840	4
8841	3
8842	3
8843	3
8844	3
8845	4
8846	3
8847	2
8848	1
8849	4
8850	3
8851	1
8852	3
8853	4
8854	4
8855	2
8856	3
8857	4
8858	3
8859	1
8860	3
8861	2
8862	2
8863	3
8864	4
8865	4
8866	2
8867	4
8868	1
8869	4
8870	3
8871	3
8872	3
8873	3
8874	3
8875	1
8876	4
8877	1
8878	4
8879	3
8880	4
8881	4
8882	3
8883	2
8884	3
8885	1
8886	2
8887	1
8888	1
8889	2
8890	1
8891	4
8892	2
8893	2
8894	4
8895	4
8896	2
8897	2
8898	2
8899	4
8900	1
8901	4
8902	4
8903	2
8904	3
8905	4
8906	2
8907	3
8908	4
8909	2
8910	4
8911	4
8912	1
8913	3
8914	1
8915	1
8916	4
8917	1
8918	3
8919	4
8920	2
8921	3
8922	2
8923	1
8924	4
8925	3
8926	1
8927	3
8928	2
8929	2
8930	4
8931	1
8932	3
8933	4
8934	4
8935	1
8936	4
8937	1
8938	2
8939	1
8940	3
8941	1
8942	1
8943	2
8944	1
8945	4
8946	4
8947	3
8948	1
8949	1
8950	3
8951	3
8952	2
8953	3
8954	3
8955	3
8956	4
8957	3
8958	1
8959	2
8960	3
8961	2
8962	3
8963	1
8964	1
8965	2
8966	1
8967	4
8968	4
8969	4
8970	1
8971	4
8972	3
8973	2
8974	1
8975	3
8976	1
8977	2
8978	4
8979	2
8980	3
8981	4
8982	3
8983	2
8984	1
8985	2
8986	2
8987	1
8988	1
8989	1
8990	4
8991	1
8992	4
8993	4
8994	3
8995	1
8996	4
8997	2
8998	1
8999	4
9000	4
9001	1
9002	3
9003	2
9004	4
9005	1
9006	4
9007	4
9008	4
9009	1
9010	2
9011	1
9012	1
9013	2
9014	4
9015	1
9016	1
9017	4
9018	2
9019	1
9020	3
9021	4
9022	3
9023	2
9024	4
9025	2
9026	3
9027	3
9028	1
9029	3
9030	2
9031	2
9032	2
9033	1
9034	1
9035	4
9036	1
9037	3
9038	2
9039	1
9040	1
9041	4
9042	1
9043	3
9044	4
9045	3
9046	3
9047	3
9048	3
9049	4
9050	4
9051	3
9052	2
9053	2
9054	4
9055	4
9056	4
9057	3
9058	1
9059	3
9060	1
9061	3
9062	3
9063	2
9064	2
9065	4
9066	3
9067	1
9068	1
9069	2
9070	3
9071	2
9072	1
9073	1
9074	4
9075	3
9076	4
9077	3
9078	4
9079	2
9080	2
9081	1
9082	1
9083	1
9084	2
9085	2
9086	1
9087	1
9088	3
9089	3
9090	4
9091	1
9092	2
9093	2
9094	3
9095	2
9096	4
9097	1
9098	1
9099	2
9100	3
9101	2
9102	4
9103	1
9104	4
9105	4
9106	4
9107	1
9108	2
9109	4
9110	4
9111	3
9112	4
9113	3
9114	4
9115	4
9116	3
9117	4
9118	3
9119	1
9120	1
9121	1
9122	1
9123	1
9124	3
9125	2
9126	4
9127	4
9128	1
9129	3
9130	3
9131	3
9132	3
9133	4
9134	2
9135	4
9136	2
9137	4
9138	3
9139	3
9140	3
9141	1
9142	2
9143	3
9144	2
9145	1
9146	1
9147	1
9148	3
9149	1
9150	1
9151	3
9152	3
9153	4
9154	2
9155	3
9156	3
9157	2
9158	2
9159	4
9160	1
9161	1
9162	2
9163	3
9164	4
9165	2
9166	1
9167	1
9168	3
9169	2
9170	3
9171	4
9172	2
9173	2
9174	2
9175	4
9176	1
9177	4
9178	1
9179	2
9180	3
9181	3
9182	1
9183	1
9184	2
9185	1
9186	2
9187	2
9188	1
9189	3
9190	1
9191	3
9192	3
9193	3
9194	4
9195	3
9196	1
9197	3
9198	1
9199	3
9200	4
9201	4
9202	3
9203	3
9204	3
9205	2
9206	1
9207	3
9208	3
9209	4
9210	1
9211	1
9212	3
9213	3
9214	4
9215	4
9216	4
9217	3
9218	4
9219	3
9220	3
9221	4
9222	3
9223	3
9224	2
9225	3
9226	1
9227	3
9228	3
9229	4
9230	2
9231	3
9232	1
9233	2
9234	1
9235	2
9236	3
9237	4
9238	3
9239	2
9240	2
9241	4
9242	3
9243	1
9244	3
9245	2
9246	2
9247	3
9248	3
9249	1
9250	3
9251	4
9252	3
9253	4
9254	1
9255	4
9256	3
9257	4
9258	3
9259	4
9260	2
9261	4
9262	3
9263	1
9264	3
9265	2
9266	4
9267	2
9268	1
9269	2
9270	3
9271	1
9272	3
9273	2
9274	1
9275	3
9276	4
9277	1
9278	4
9279	2
9280	3
9281	3
9282	1
9283	2
9284	1
9285	1
9286	3
9287	3
9288	1
9289	4
9290	1
9291	2
9292	4
9293	1
9294	1
9295	1
9296	2
9297	4
9298	4
9299	2
9300	3
9301	4
9302	3
9303	2
9304	2
9305	2
9306	4
9307	1
9308	3
9309	4
9310	1
9311	3
9312	4
9313	4
9314	1
9315	2
9316	3
9317	1
9318	1
9319	4
9320	4
9321	2
9322	2
9323	1
9324	4
9325	3
9326	3
9327	1
9328	4
9329	1
9330	4
9331	4
9332	1
9333	1
9334	1
9335	4
9336	3
9337	2
9338	3
9339	3
9340	2
9341	3
9342	3
9343	3
9344	2
9345	4
9346	2
9347	4
9348	4
9349	4
9350	4
9351	2
9352	2
9353	2
9354	1
9355	3
9356	3
9357	1
9358	4
9359	1
9360	3
9361	1
9362	3
9363	4
9364	4
9365	3
9366	2
9367	4
9368	4
9369	3
9370	1
9371	3
9372	2
9373	3
9374	2
9375	1
9376	1
9377	4
9378	2
9379	2
9380	4
9381	3
9382	2
9383	4
9384	2
9385	4
9386	4
9387	2
9388	3
9389	1
9390	2
9391	4
9392	3
9393	2
9394	1
9395	1
9396	4
9397	3
9398	1
9399	1
9400	3
9401	2
9402	1
9403	3
9404	3
9405	2
9406	3
9407	2
9408	2
9409	4
9410	2
9411	2
9412	1
9413	2
9414	3
9415	1
9416	4
9417	2
9418	4
9419	2
9420	1
9421	2
9422	1
9423	1
9424	1
9425	2
9426	3
9427	3
9428	2
9429	2
9430	3
9431	1
9432	2
9433	1
9434	3
9435	2
9436	1
9437	3
9438	4
9439	2
9440	3
9441	4
9442	1
9443	4
9444	1
9445	2
9446	2
9447	4
9448	4
9449	3
9450	3
9451	4
9452	1
9453	1
9454	3
9455	2
9456	1
9457	3
9458	4
9459	4
9460	2
9461	1
9462	2
9463	4
9464	2
9465	3
9466	4
9467	1
9468	3
9469	4
9470	1
9471	1
9472	3
9473	1
9474	4
9475	2
9476	4
9477	3
9478	3
9479	1
9480	1
9481	3
9482	1
9483	1
9484	3
9485	4
9486	4
9487	3
9488	3
9489	4
9490	1
9491	3
9492	1
9493	3
9494	4
9495	3
9496	1
9497	2
9498	1
9499	1
9500	1
9501	4
9502	1
9503	3
9504	1
9505	3
9506	4
9507	2
9508	4
9509	1
9510	4
9511	1
9512	1
9513	3
9514	1
9515	3
9516	3
9517	1
9518	4
9519	2
9520	3
9521	2
9522	1
9523	4
9524	4
9525	4
9526	1
9527	2
9528	3
9529	1
9530	1
9531	3
9532	3
9533	4
9534	1
9535	2
9536	3
9537	1
9538	2
9539	2
9540	2
9541	2
9542	3
9543	3
9544	1
9545	4
9546	3
9547	1
9548	4
9549	3
9550	4
9551	2
9552	3
9553	3
9554	4
9555	2
9556	3
9557	4
9558	2
9559	4
9560	2
9561	4
9562	2
9563	4
9564	3
9565	4
9566	2
9567	1
9568	1
9569	3
9570	1
9571	1
9572	4
9573	4
9574	2
9575	3
9576	2
9577	2
9578	1
9579	4
9580	3
9581	2
9582	2
9583	2
9584	2
9585	2
9586	3
9587	1
9588	2
9589	3
9590	2
9591	1
9592	1
9593	3
9594	3
9595	2
9596	3
9597	2
9598	1
9599	2
9600	1
9601	1
9602	3
9603	1
9604	1
9605	1
9606	1
9607	1
9608	2
9609	4
9610	2
9611	4
9612	2
9613	1
9614	4
9615	1
9616	1
9617	1
9618	1
9619	1
9620	2
9621	4
9622	2
9623	4
9624	1
9625	1
9626	1
9627	1
9628	4
9629	4
9630	1
9631	2
9632	1
9633	1
9634	1
9635	3
9636	2
9637	4
9638	1
9639	2
9640	2
9641	3
9642	4
9643	1
9644	2
9645	2
9646	3
9647	3
9648	1
9649	4
9650	2
9651	1
9652	4
9653	4
9654	2
9655	4
9656	3
9657	2
9658	1
9659	4
9660	2
9661	4
9662	2
9663	4
9664	1
9665	1
9666	1
9667	3
9668	3
9669	1
9670	1
9671	3
9672	4
9673	1
9674	3
9675	4
9676	2
9677	3
9678	1
9679	4
9680	1
9681	4
9682	3
9683	2
9684	4
9685	2
9686	1
9687	3
9688	3
9689	3
9690	1
9691	4
9692	1
9693	1
9694	1
9695	3
9696	1
9697	1
9698	3
9699	4
9700	2
9701	4
9702	4
9703	4
9704	1
9705	4
9706	3
9707	2
9708	1
9709	2
9710	3
9711	1
9712	4
9713	2
9714	3
9715	2
9716	2
9717	1
9718	4
9719	2
9720	2
9721	4
9722	3
9723	2
9724	4
9725	2
9726	3
9727	2
9728	2
9729	2
9730	4
9731	1
9732	2
9733	3
9734	1
9735	4
9736	2
9737	2
9738	1
9739	2
9740	4
9741	1
9742	2
9743	2
9744	4
9745	2
9746	3
9747	4
9748	1
9749	2
9750	2
9751	1
9752	4
9753	3
9754	3
9755	2
9756	3
9757	2
9758	1
9759	1
9760	1
9761	1
9762	2
9763	3
9764	1
9765	1
9766	3
9767	2
9768	3
9769	3
9770	4
9771	1
9772	2
9773	3
9774	3
9775	4
9776	4
9777	3
9778	2
9779	1
9780	4
9781	4
9782	3
9783	2
9784	2
9785	4
9786	4
9787	2
9788	1
9789	1
9790	2
9791	3
9792	2
9793	4
9794	4
9795	2
9796	1
9797	3
9798	1
9799	2
9800	4
9801	4
9802	1
9803	4
9804	1
9805	1
9806	3
9807	3
9808	4
9809	1
9810	4
9811	1
9812	1
9813	2
9814	3
9815	3
9816	4
9817	1
9818	4
9819	3
9820	4
9821	1
9822	1
9823	3
9824	3
9825	3
9826	3
9827	3
9828	3
9829	1
9830	1
9831	2
9832	1
9833	4
9834	2
9835	3
9836	2
9837	4
9838	2
9839	2
9840	1
9841	2
9842	2
9843	3
9844	3
9845	1
9846	3
9847	2
9848	2
9849	4
9850	2
9851	1
9852	2
9853	3
9854	3
9855	3
9856	3
9857	2
9858	4
9859	4
9860	1
9861	2
9862	1
9863	3
9864	4
9865	1
9866	3
9867	3
9868	3
9869	3
9870	2
9871	4
9872	1
9873	2
9874	2
9875	1
9876	3
9877	3
9878	4
9879	1
9880	2
9881	1
9882	3
9883	3
9884	2
9885	3
9886	3
9887	2
9888	2
9889	1
9890	4
9891	4
9892	2
9893	3
9894	1
9895	3
9896	2
9897	4
9898	1
9899	3
9900	1
9901	3
9902	2
9903	3
9904	1
9905	4
9906	2
9907	4
9908	4
9909	2
9910	4
9911	2
9912	3
9913	4
9914	2
9915	3
9916	2
9917	2
9918	4
9919	1
9920	3
9921	1
9922	1
9923	2
9924	4
9925	4
9926	4
9927	1
9928	2
9929	4
9930	3
9931	2
9932	3
9933	1
9934	2
9935	3
9936	1
9937	3
9938	2
9939	4
9940	4
9941	4
9942	1
9943	2
9944	4
9945	2
9946	2
9947	2
9948	4
9949	2
9950	4
9951	1
9952	4
9953	1
9954	2
9955	2
9956	2
9957	2
9958	2
9959	3
9960	1
9961	2
9962	1
9963	3
9964	4
9965	4
9966	3
9967	4
9968	1
9969	3
9970	4
9971	2
9972	1
9973	1
9974	4
9975	4
9976	4
9977	3
9978	2
9979	2
9980	3
9981	2
9982	3
9983	4
9984	2
9985	2
9986	4
9987	4
9988	2
9989	3
9990	2
9991	2
9992	4
9993	1
9994	4
9995	3
9996	3
9997	4
9998	1
9999	1
10000	4
